182.345 70.0612 -194.463 -83.9857 58.9018 71.5025 21.8521 121.089 -136.644 73.2936 -171.105 -92.0859 -45.0739 26.2564 -182.169 
15.1204 -169.141 194.687 -72.8967 -27.0123 -193.652 -185.884 151.538 115.444 46.4962 -151.587 82.0053 -2.77052 -99.1609 37.544 


21.7621 -5.18214 -131.893 131.14 -151.077 -25.9591 157.751 -75.7875 34.9312 -143.598 -143.756 160.286 47.941 134.885 180.383 
-102.072 -125.437 171.723 123.969 -24.5327 -156.333 -44.5754 2.68597 -48.2108 192.301 13.7925 -126.062 2.39236 -38.538 139.344 
180.168 -111.991 -108.692 -92.7618 -30.3082 193.568 -100.501 -133.474 -90.8371 -195.311 33.2697 -2.7439 101.406 66.5288 0.199637 
67.156 72.4033 -0.203846 164.946 -59.6581 26.0612 -34.024 154.833 -148.003 -157.03 164.96 22.6444 -77.314 181.519 191.061 
-109.087 -112.112 190.935 104.441 -110.532 -198.067 175.572 -119.5 -47.4448 143.737 -113.301 12.2785 185.682 172.76 -8.01038 
71.7799 65.4305 90.881 -29.26 -190.243 195.13 -113.618 -197.41 191.289 60.308 45.5642 165.466 78.799 2.89109 -74.9685 
-41.8463 -24.6096 161.862 24.9544 140.303 95.2998 27.5633 -7.02492 -129.97 -77.0845 -25.55 -10.1466 88.101 72.6994 48.2539 
-0.950067 6.81106 -31.4193 -184.789 -190.129 121.598 36.4202 130.541 143.476 94.9338 -113.117 24.6273 -177.765 175.033 39.3526 
124.149 -163.949 34.9409 114.758 135.53 -157.668 1.06153 78.8517 96.1371 -163.235 183.433 139.966 72.2894 -89.0055 91.0709 
-117.225 63.0513 -57.4017 -52.067 173.277 30.7062 -4.75398 -175.366 50.2362 -50.2822 -195.393 -79.8975 -57.6715 -34.9372 85.2239 
-29.4618 37.3866 -186.616 49.4928 22.872 -185.048 -123.388 -20.6394 -163.537 185.771 15.1333 -103.277 -196.243 154.866 -38.0708 
170.731 -174.505 81.8044 -168.63 -193.336 -28.9137 190.407 90.8243 0.590656 -92.5062 -131.554 -161.058 -17.8309 136.247 7.80954 
-145.745 78.6267 -196.072 71.621 129.475 104.579 -70.1075 -99.0231 -62.1842 190.456 121.486 -56.6001 -100.905 0.287837 -34.9936 
174.337 -167.633 -171.275 -184.046 -19.1622 -44.395 -162.031 130.587 6.87709 -145.362 86.7622 2.13168 -157.416 -167.269 -65.7234 
-156.66 -148.694 38.9486 110.848 -151.478 147.558 14.3929 -133.435 165.891 -188.326 -99.6757 74.3192 128.854 73.666 135.932 
158.619 -158.727 -94.6439 -100.979 -33.722 135.305 61.8059 -100.11 -64.3315 63.7382 133.299 11.1308 54.4045 134.338 -16.6882 
106.768 122.966 -104.561 -176.311 77.1624 -112.543 -169.696 153.2 -62.2978 -69.6564 138.631 -179.382 74.0726 -163.237 -51.3002 
12.9321 161.957 -124.897 178.899 190.171 -121.822 -184.565 -153.41 192.642 -15.8807 -199.279 -113.015 -78.1616 128.869 169.538 
-38.1017 92.5699 59.5223 -4.09868 -95.5567 -60.1096 -25.668 115.343 97.3655 149.724 -178.459 -90.3551 -176.322 -146.39 -108.067 
123.094 -89.9513 175.919 -163.307 -68.5813 -183.568 -69.9379 41.0346 26.5629 114.788 184.562 -29.3671 -150.063 96.6617 -173.057 
-75.5076 171.193 131.937 -136.242 185.456 -141.564 56.1037 -100.422 -1.62219 134.401 45.5175 63.7585 41.046 35.0425 -182.873 
-181.874 145.354 -24.1592 -57.7258 -143.286 54.991 -169.211 -45.4183 156.954 -7.52999 -170.608 28.7658 -192.302 93.5152 150.786 
54.6396 -44.6736 84.3353 155.151 164.891 37.9397 -194.558 109.895 -93.1466 192.748 83.0022 -155.101 -142.271 48.0203 -51.5974 
-3.4572 80.0564 73.8374 44.5419 160.399 121.839 -57.5585 112.239 -49.8116 -186.736 164.336 -153.142 -52.6466 -20.092 184.318 
-82.806 108.534 -165.124 -90.0742 -183.054 -102.673 -148.772 -53.2797 -16.2599 88.3 -52.057 138.058 -82.5765 -116.391 107.686 
-47.9484 -116.824 -174.495 -78.6403 13.7615 122.818 17.1748 104.827 -189.402 106.763 -8.39214 17.3477 -18.1763 -118.44 187.343 
21.2541 -86.0618 -126.933 42.8667 194.28 -33.2318 57.9719 -44.2112 36.8458 143.517 62.9858 112.873 178.863 -191.271 82.44 
-52.8641 120.534 -58.7215 -15.0395 27.0468 131.216 -1.19896 -50.6046 -71.3559 -23.5827 -182.805 70.0534 -147.178 76.6696 110.192 
113.2 174.71 141.167 197.805 38.6902 172.535 28.8674 121.996 150.087 -113.367 -3.89928 -116.091 179.133 -114.852 -85.1128 
115.293 114.602 190.44 27.3272 41.1948 98.5763 124.431 98.3355 124.547 -12.832 80.6353 -28.034 134.644 8.12099 -185.321 
45.1492 -192.207 -103.033 16.6681 91.8458 -12.9528 106.151 -87.1634 -162.675 33.6396 140.564 127.232 177.178 19.8393 -119.671 
-65.0721 -6.92219 -70.1096 -114.023 31.463 -142.086 -138.692 -116.592 97.9145 -66.7197 -39.8638 106.009 -147.225 -185.237 -174.12 
130.66 198.227 -106.223 19.3446 -78.0659 -37.9295 -68.2532 79.3616 167.63 61.5111 132.365 166.888 -89.9959 2.88601 35.5535 
162.54 32.074 170.102 164.821 -128.061 -152.329 189.444 198.886 19.7455 57.4251 -6.57182 21.1691 78.4401 168.559 194.227 
84.6136 -160.73 87.8732 88.1286 42.2914 -89.2159 72.0393 -41.0516 163.136 147.508 -164.609 11.6306 12.1491 -65.8902 92.1949 
-97.0704 191.577 88.8355 94.485 1.78606 141.232 -82.9159 84.5126 -85.4803 121.145 -94.3974 -133.812 85.0524 -15.7765 -139.074 
-7.1158 179.108 -35.2204 164.207 95.1415 13.3553 -130.729 -112.875 -94.7546 -188.292 -86.2024 -114.919 -181.348 25.5662 95.6939 
146.187 -41.8735 -176.941 56.7295 -132.715 142.939 20.9457 84.5657 22.1675 -19.5232 94.6098 -125.077 71.2012 -117.262 -61.0501 
0.350157 115.598 139.098 60.8339 82.8901 -56.0865 -3.90529 55.7836 72.8247 13.7905 -29.3546 -62.784 -185.658 -97.9228 -87.0783 
63.3354 -9.04112 20.0127 163.389 191.927 84.7762 -149.884 -144.976 -137.834 117.207 61.6481 -191.577 146.289 41.4276 23.7231 
123.066 112.681 18.3555 -10.2509 -25.5803 161.659 -2.65349 -7.73214 196.598 -191.216 5.10635 43.863 185.505 118.996 77.3761 
15.9518 -198.657 -4.78235 92.5453 97.7705 123.099 176.373 -40.0232 -146.999 79.4032 88.8977 32.7613 -199.012 39.6755 63.9577 
-167.005 94.284 34.5603 -81.3448 -56.5594 177.088 -128.146 86.4995 -108.513 -193.45 -3.68734 181.008 -50.7233 -136.593 97.4438 
-18.5785 73.0439 69.6777 -123.926 137.576 133.617 -80.627 98.6638 -54.4943 -195.989 57.2525 -109.098 35.2965 184.001 -178.861 
43.0255 -159.928 -169.805 -88.7402 -191.204 27.8525 -11.377 54.2247 103.836 135.175 -101.091 182.053 9.09008 -8.48694 -50.5087 
-176.583 92.507 67.9587 192.301 -49.1461 -144.529 -127.098 -83.5876 62.1135 80.4916 1.82116 -3.21901 -85.0031 154.524 170.771 
-198.463 92.7953 130.534 -169.752 26.1464 199.681 -53.2088 4.28239 -22.8181 169.942 177.161 153.514 73.3001 -175.622 -152.771 
-196.177 -169.817 164.284 -134.391 159.614 140.567 -169.7 -53.4125 -152.633 157.726 -19.6243 -191.695 70.1102 -199.632 12.7228 
28.3953 182.244 156.065 82.8717 -132.146 154.753 55.0662 -55.5158 -29.5223 52.747 -93.8877 -167.995 -43.1506 -11.2701 -144.229 
-153.967 143.868 -115.969 -52.8125 45.3863 -36.0206 -50.483 121.434 -127.251 -44.524 -55.0106 13.572 194.592 -88.7708 -2.3561 
140.268 184.249 171.536 -164.766 99.2886 105.926 6.85815 78.7657 184.67 -162.254 -96.7096 -80.6717 64.8867 -179.177 -176.42 
-133.998 75.8082 172.293 144.431 102.95 -110.47 34.174 177.431 -119.026 -196.75 167.333 -127.775 -96.3012 -159.081 -67.0635 
122.201 -195.313 -63.269 16.2905 -19.8685 77.7202 135.523 -134.904 -69.4047 61.1304 61.5958 -187.493 14.9487 105.251 92.7637 
66.7756 188.459 -7.47185 -30.2999 -66.6344 -162.95 173.214 -46.1487 135.649 -123.865 -137.383 -136.976 99.7231 -157.895 -113.116 
-72.2189 -65.4265 -114.757 60.206 -36.7873 -47.4218 80.1209 -161.341 -123.952 -172.185 16.387 175.779 144.931 191.556 47.7167 
-117.256 -113.389 75.9575 43.4454 -11.4061 170.274 -23.2492 9.99889 -0.263949 -171.957 25.0449 48.8663 193.282 151.713 -2.38405 
-10.8231 148.91 84.9352 64.0458 -43.4784 117.637 53.1685 -2.49092 -175.924 -123.503 -145.07 131.708 101.399 -41.0445 -105.659 
-195.493 1.87387 -196.634 103.508 -98.75 63.1428 -174.07 -152.828 -169.666 175.217 5.86938 -66.7688 82.8225 100.203 -165.484 
-66.788 -148.139 24.2873 147.531 -72.3137 92.5161 -13.4421 136.518 -188.215 -147.726 -54.1896 15.8463 -115.091 -155.064 -75.6072 
-190.573 78.7457 60.476 64.3582 -13.8483 -30.9161 105.839 160.068 -97.9091 103.545 62.5217 -100.276 27.2677 48.5471 3.30772 
-108.725 42.9019 21.9315 -34.0997 -169.972 -56.9456 -47.0064 43.5808 76.6281 -8.04871 39.8695 43.4635 -138.319 -143.947 -91.3253 
85.1972 -110.633 -67.6224 -178.117 -134.341 181.833 -23.9886 -55.7242 79.7814 170.64 74.3424 -17.2116 -134.154 101.257 -77.3596 
-107.826 -100.083 130.048 -198.563 175.97 136.424 195.346 -124.982 -25.4491 -27.1747 185.091 136.929 198.516 -116.602 -109.582 
-56.3399 -21.4579 173.254 0.463729 93.1344 199.781 55.1787 -99.7739 40.0182 81.2071 84.0744 -106.248 72.9787 -111.177 -35.0103 
54.222 -125.619 45.7283 58.2708 -150.863 -27.8843 121.651 36.4853 -120.855 23.0329 185.08 -99.2479 160.311 141.953 -9.37596 
127.952 104.527 -56.787 94.2791 -118.746 194.265 146.354 -65.6869 -93.6064 192.28 -16.721 192.868 135.193 119.739 21.5579 
-180.488 24.9085 162.263 40.7705 47.0938 125.062 -173.274 -129.606 107.118 13.685 -97.1515 28.9518 59.189 124.164 -78.3456 
-58.7278 -32.6987 142.711 -128.554 148.421 127.433 13.5577 140.631 -25.3367 -184.811 -133.843 -144.317 57.9257 -135.12 -127.615 
-181.379 158.923 -49.2899 -181.089 97.1838 155.606 105.584 181.396 104.663 32.1395 -194.095 -102.438 18.5567 82.7371 101.862 
-58.674 -180.569 131.596 -167.306 192.069 29.9477 189.005 150.604 63.1884 153.097 -33.8351 -154.77 -129.188 91.2348 -96.3092 
30.8229 -174.686 -15.6888 91.3395 23.1664 151.867 94.7125 136.253 -162.881 49.9259 -67.7914 -61.0604 -51.2501 -152.64 72.2669 
197.256 -155.341 -67.9163 127.143 182.761 82.3739 -197.67 144.941 162.14 -102.372 -127.438 119.285 148.237 -169.123 198.536 
64.1545 172.034 47.9728 36.1209 -70.8992 198.867 133.486 -93.3411 -62.6463 -47.025 -162.179 138.842 84.9436 74.8976 174.845 
-81.8488 127.806 165.727 60.0508 91.2878 54.7368 -178.641 -64.1213 119.854 4.39639 -90.1409 -196.837 70.0449 59.6701 -38.061 
193.165 -42.5901 41.4186 94.015 -42.3947 159.381 163.877 -139.725 101.289 64.5638 34.2069 77.5693 113.517 133.844 -0.509273 
47.6581 -106.141 196.441 -177.287 32.3207 -21.6545 -93.8425 -91.7725 -75.6881 -85.4407 -156.826 144.841 -72.2601 64.4986 125.701 
-179.558 -145.182 -49.6663 -166.585 90.5294 -190.68 -75.8065 -126.346 -102.824 -22.1852 -108.196 10.3636 -142.58 -181.929 102.038 
-78.2339 47.723 -147.402 128.56 -35.674 -38.9871 -73.8918 22.9835 -158.407 44.3699 -57.0246 118.566 -77.6323 18.0367 -51.8196 
-59.847 134.936 -6.47169 -70.7208 -147.765 21.8277 -54.4399 153.494 142.81 186.413 -2.45615 -194.256 87.8257 -133.223 -73.0129 
122.542 21.3563 55.5917 -95.0779 -113.944 95.4817 91.2894 77.766 -85.062 138.729 -139.101 85.9468 42.1808 -17.138 -54.1748 
-191.514 32.143 -184.858 -81.7774 36.5904 43.3179 135.215 91.974 -164.042 23.9852 -3.01496 175.82 169.073 -109.301 -97.1216 
-180.9 -102.131 115.765 -34.8469 7.68081 179.587 -169.9 178.127 114.294 -91.3693 -190.56 191.054 -192.589 -23.5966 -158.258 
100.056 -68.0706 162.211 102.333 -26.4418 29.5056 -123.087 -83.7127 -84.5077 168.282 65.5391 -84.9268 -41.9177 -177.487 -126.025 
-120.011 -195.004 40.6799 -82.088 52.6604 81.5172 65.8323 63.494 -92.721 -168.391 -1.63773 127.843 -63.5729 134.753 -38.2794 
-147.15 196.26 103.804 157.643 155.566 36.6394 194.334 89.5812 -130.415 -85.3724 62.2877 48.46 141.949 101.668 -55.6421 
-39.8954 -113.515 -49.401 -161.893 67.2588 152.317 -160.243 -97.837 -123.098 25.4062 20.7949 34.9062 -12.6288 -33.1633 -110.673 
124.442 -2.96704 120.129 -15.7692 -185.051 -113.873 7.98263 -61.9656 -78.1279 159.489 -30.4046 -111.186 77.9471 -145.772 149.792 
-180.14 113.954 -183.906 -136.539 41.4494 -22.0267 -192.378 187.985 170.354 -187.255 160.956 40.6686 162.583 -131.432 105.844 
-105.608 24.1494 -49.5446 -46.8695 -144.149 -15.8463 56.9156 71.4897 119.037 38.5564 -48.6127 -100.507 32.8711 163.635 146.158 
-41.7883 -132.189 -109.063 40.7925 -147.2 -113.739 22.7571 -197.468 150.229 183.804 147.713 -57.1198 -135.016 -144.866 187.918 
115.118 166.95 -176.328 -97.3741 -185.408 -111.165 -35.0792 78.8753 192.427 151.072 46.0909 7.7846 -163.832 -52.2178 -35.9208 
114.067 -126.147 -60.2152 154.065 -60.497 18.1662 -188.351 -149.416 -6.00673 -144.956 130.792 -87.6883 -174.457 -92.4586 23.9521 
12.4662 -94.9861 -80.9687 -25.4451 -69.8323 -96.0005 -42.488 -13.2213 -25.4651 -109.34 122.68 -9.54308 -39.9647 -41.9937 182.408 
-98.3172 133.813 -147.918 193.679 7.9674 -20.9345 -190.588 -90.6905 -140.545 -151.994 144.237 137.122 -4.60895 -87.8441 -152.655 
28.3732 141.712 -117.666 -57.5582 58.0393 -54.3751 -8.63369 -162.978 138.338 55.6631 -27.957 -188.488 12.1465 144.27 -22.5706 
-74.2217 151.523 -107.804 -125.293 -91.6845 36.9879 2.59133 -45.1108 62.7232 -65.314 -146.928 13.6294 -124.872 -123.925 -112.067 
-179.402 -106.955 164.945 -104.887 -197.046 -186.337 118.732 39.4044 187.587 -136.997 -57.746 -95.471 -174.782 148.337 -136.13 
134.982 -190.232 -169.028 67.6508 171.116 150.779 -14.7425 36.0523 -184.472 8.77763 -188.181 -140.682 -48.0434 -73.2703 1.44328 
-112.687 8.92956 -25.8694 187.567 145.347 -60.8598 -57.2874 -37.3772 -60.8744 102.454 34.3117 20.9415 -105.289 -36.9987 173.379 
55.3122 -172.211 -172.823 -185.39 71.6272 -119.481 131.794 -128.925 -73.3515 51.5633 -99.9273 -70.639 -150.229 -38.7615 -29.6158 
-175.832 81.2411 125.551 32.6082 -60.9925 43.8373 -60.166 97.4395 -26.2207 173.873 197.568 174.036 -47.1843 168.15 141.437 
6.83628 -131.391 34.6897 -31.3335 -169.55 64.7074 8.00769 172.322 -120.647 -96.7929 -182.776 9.48371 31.5119 -99.4275 155.035 
-56.7763 -70.6654 -11.8582 -22.3275 106.231 -111.01 106.838 133.85 169.158 93.4537 -194.191 -45.7862 -152.771 137.227 -35.2026 
-107.718 87.4807 -89.8361 5.19957 81.2494 126.333 60.8465 100.085 79.96 -164.843 -187.633 116.183 84.2817 160.69 -132.418 
156.312 -172.148 -37.5945 -112.751 -70.8456 -72.5977 -45.3607 188.667 109.792 -112.016 131.806 17.0438 -193.253 -75.4655 -50.8874 
-51.3027 -85.5623 -48.338 -18.0869 101.184 191.7 89.1958 100.845 33.4788 -28.8581 194.581 -142.262 61.807 -195.092 44.2151 
-36.9607 83.3906 -139.393 -182.975 -147.896 -70.3199 97.8824 -19.6944 -175.2 35.7927 87.902 -155.659 -150.804 -10.7238 -170.54 
-17.7871 -162.049 74.4938 57.6927 -8.73017 27.5684 -179.929 3.53555 -102.072 -165.399 194.513 173.813 108.584 -81.0666 -13.3705 
33.403 184.855 -111.777 141.901 26.0359 -33.3353 95.6167 -32.8532 164.413 -102.986 -8.69787 59.3009 -137.543 16.4313 -8.485 
60.4944 56.8157 46.1561 -43.49 -156.82 -80.1874 -106.461 -93.0612 118.982 -112.017 -139.896 51.4612 92.307 59.7223 91.4306 
183.853 74.7717 138.921 133.424 -117.578 65.4834 -139.086 9.26785 40.1161 -12.0703 -142.681 -114.415 90.1745 43.0599 -155.682 
-98.8952 133.98 -60.7015 10.6762 117.958 7.52323 192.585 -95.785 -90.5432 182.248 142.539 -168.784 48.7919 69.1195 -188.747 
140.411 24.334 90.7391 109.427 44.9746 -155.921 -116.695 -3.49685 58.2373 146.738 -196.058 187.958 89.988 -128.511 -128.565 
-148.491 -125.83 -57.2242 -121.096 27.2038 -116.616 75.1988 196.054 -163.458 -164.342 -182.098 67.0339 29.7108 -36.3709 -121.981 
20.2129 167.051 -28.4077 -180.525 -6.53982 52.6806 156.332 22.3366 -27.5096 -113.672 -82.5756 75.2466 172.511 55.9721 171.201 
-27.0213 -84.7951 -59.7649 79.066 142.092 -160.49 -122.215 68.1846 15.9837 46.9291 -190.947 107.51 182.902 182.286 181.29 
-37.3734 42.009 187.425 -101.574 12.3021 -159.604 -25.0518 -130.675 77.3729 87.2663 165.302 31.282 -91.1191 -97.0698 -179.732 
-51.5921 -115.264 -39.8998 64.9957 10.1097 -8.40926 -160.693 -144.924 -102.932 -15.956 -77.5163 -49.2257 -40.6073 190.024 118.886 
-192.347 84.0379 -68.8467 -160.409 8.78566 -28.1366 4.91692 175.205 -155.765 181.749 -164.295 -133.133 122.966 183.468 24.2201 
-164.175 36.3791 -188.822 -155.485 136.659 101.639 -62.8799 154.073 -99.2762 -142.001 -135.026 117.343 19.5213 154.31 150.669 
168.086 112.518 128.713 -53.34 -91.0566 -69.2519 59.3866 15.1785 124.049 -100.691 -70.5935 -166.779 -175.619 -128.22 169.793 
-13.4611 70.7839 127.146 -101.3 -92.1025 133.761 43.4643 -120.221 -169.23 44.9675 145.985 -63.0534 -75.2835 -30.9846 -191.23 
190.002 23.2455 -85.6416 -110.385 123.635 -104.243 -121.911 177.529 162.665 15.0996 -43.1141 133.578 195.643 78.0015 124.869 
142.631 -1.47404 -73.4784 -56.0425 -102.381 8.81218 55.885 120.513 -140.005 84.5516 -196.127 125.684 -74.3491 38.9655 -86.8118 
-92.6006 -136.302 -78.2654 -181.686 60.3648 -90.6004 -50.503 176.002 -126.367 -120.65 148.868 -144.508 -95.3904 50.3479 -153.42 
-157.479 54.3566 -168.851 186.932 58.8987 134.051 -61.8297 75.3592 -37.5982 -78.5392 -110.856 79.1377 155.663 143.066 126.617 
-88.8816 144.498 78.4719 -85.7057 -151.224 171.63 -78.7529 -62.6613 166.391 -156.681 -94.4378 106.193 156.567 -31.2775 -158.607 
192.823 115.131 17.1403 -52.563 140.766 -25.6365 -153.165 2.71764 -173.137 199.91 -23.2869 124.567 -189.549 -158.044 140.902 
-117.369 40.0506 115.663 -49.1335 -144.786 67.2813 -147.382 -160.882 -85.7942 196.859 178.301 13.938 -63.9823 -162.452 116.492 
11.1505 51.6249 125.102 108.406 36.0599 -69.0606 -123.214 -183.217 50.0527 -45.0748 -97.5033 153.069 94.1637 -9.49664 82.6289 
-0.824169 -49.4764 -11.8133 -180.487 -112.384 162.739 -146.659 -125.734 189.827 150.803 -154.35 35.2858 44.0663 11.7466 36.2216 
-76.5566 -166.666 -13.8511 34.475 -131.906 92.3829 170.227 186.914 -104.167 73.4774 175.07 -133.159 156.64 69.0733 60.1241 
138.216 45.9726 45.0796 -134.357 -69.3719 -107.691 34.0691 -56.3215 87.2201 32.0731 -49.9455 -30.9542 124.851 -167.489 80.1025 
-1.47277 -31.0919 -157.339 -13.7007 135.905 -196.685 140.617 38.977 -148.076 -49.2642 82.4777 186.222 -117.774 -169.677 -111.313 
-109.708 -54.8037 -10.4537 -59.1888 181.755 198.231 177.682 44.772 38.1855 -167.614 168.436 40.6195 87.3633 -85.7166 -187.592 
-140.656 14.5903 90.005 100.213 -161.52 109.281 -66.1596 16.892 22.2093 153.427 16.2556 39.2987 -147.831 -169.338 101.363 
77.5885 -8.88639 -175.765 19.349 180.683 -111.747 -10.531 -194.302 196.217 -86.6733 77.0271 -158.097 -186.106 -192.72 27.6814 
-105.819 105.992 -96.2879 -56.7896 17.6515 -161.181 -141.58 -117.482 -177.26 -5.77256 -50.7409 115.605 -187.939 5.63067 -154.936 
-54.8019 55.1148 189.985 -98.2316 -81.6453 -39.3379 -128.481 9.39293 -106.606 127.764 -165.057 -181.046 169.697 -55.9934 40.6882 
-105.247 -15.2354 60.0587 85.6515 68.0355 -100.963 103.478 -113.668 77.8869 -78.742 -135.27 -172.395 -55.7407 119.425 -90.4858 
63.6916 77.4037 113.615 -161.368 57.8134 159.172 20.4202 80.5256 89.075 -16.9379 64.5177 -50.4689 93.7363 -149.022 -135.406 
169.324 -19.3818 25.7535 -55.1223 -133.675 94.6884 173.886 -188.339 105.79 196.303 -79.989 107.492 105.458 -150.366 -40.8194 
42.4511 139.918 30.172 23.7315 -199.569 134.523 -126.785 -112.6 -37.0681 -52.9638 67.5069 49.8442 174.886 -128.251 -82.7204 
-54.3837 -41.6498 -80.6154 -78.5911 -41.4263 -85.3658 13.315 -85.4932 194.689 49.6679 -3.51451 99.0242 60.7179 -5.7123 24.9374 
-85.1075 -124.255 -54.5558 -148.846 83.0137 -129.542 49.8158 142.208 32.7409 -104.463 -125.167 128.527 193.812 -23.0073 109.721 
-160.541 -39.3522 -139.227 16.7676 17.0404 163.447 44.3373 29.6334 -52.5188 158.988 135.47 172.138 199.074 -148.959 -101.844 
16.5545 61.6506 105.387 -143.722 -179.413 57.6753 83.1667 191.946 39.332 162.959 -47.1851 147.836 199.198 157.192 172.821 
195.085 117.062 -55.4026 -179.099 27.9158 -145.162 89.1629 110.327 -92.1036 19.9857 136.918 -121.976 35.0652 -137.778 -199.456 
148.393 -125.848 154.984 -5.64733 80.2498 16.2925 53.5172 -182.451 194.152 177.697 93.9874 48.9246 -185.514 -96.4077 132.035 
-7.46087 138.205 143.578 169.32 -28.4318 -119.475 -94.1606 -45.8784 50.2488 -180.34 108.963 -42.4305 -96.7694 181.368 4.01234 
61.7343 148.581 40.6742 117.577 121.733 -184.925 -168.556 16.3601 -148.021 18.5553 -110.886 -87.5066 19.9351 -132.192 -100.193 
46.804 -189.48 113.277 194.218 -114.649 172.313 -6.34602 141.773 -125.402 86.1814 -12.0895 -154.391 -130.062 47.5716 -148.286 
166.219 -191.218 -147.989 185.329 -179.048 -96.7514 45.6864 129.641 -101.936 -62.1565 83.3514 73.3573 -138.034 92.3475 -68.2233 
-168.204 78.2607 -192.233 -40.2066 -63.0784 95.9348 -103.437 137.212 -127.143 153.87 -185.726 -13.6491 119.653 134.219 129.186 
-23.1196 -43.0864 36.2594 -4.26909 76.8842 118.049 147.815 -195.664 153.944 -168.261 49.4098 -139.779 -168.809 -19.8138 44.4134 
61.6274 4.99733 119.193 -148.929 131.984 -146.012 4.34645 -164.488 132.353 -28.1659 93.7673 -182.75 -86.3172 107.967 -22.0232 
19.4262 184.437 103.675 -139.91 81.1609 -199.87 42.4903 90.1726 -169.414 185.274 -20.1716 183.982 151.421 101.382 121.716 
-46.9512 -179.099 164.249 -101.981 76.5813 -169.118 -79.0754 -190.705 -30.2303 -173.167 -103.333 129.078 179.602 106.908 -36.4309 
-1.91831 -110.986 -141.95 148.011 17.219 80.5538 -89.5383 -10.958 26.0907 178.1 72.3134 -197.195 -140.481 -94.2105 -10.7654 
-159.863 7.37736 -170.199 99.9395 106.385 3.98388 -69.7152 -196.686 91.4796 191.211 137.475 -166.965 161.734 -47.3741 -163.853 
-70.1416 -199.489 -138.757 61.9476 -134.23 47.3946 -148.529 28.5853 179.774 129.673 -88.1659 118.423 -196.825 -151.49 119.518 
-187.377 49.8174 37.3847 107.676 -154.763 -30.9876 -55.3505 -4.37566 -95.9119 138.366 152.063 -138.486 -92.7307 -51.5738 -44.5692 
10.3067 41.5437 -135.367 127.171 113.189 -98.1663 -99.6663 35.9685 -51.0416 -30.9305 186.096 178.207 -85.6125 -28.8891 155.356 
83.1705 10.8352 -195.062 -24.7927 -16.983 194.973 58.321 115.629 -28.335 61.4614 39.7067 -139.176 -55.8995 -186.247 139.612 
8.43331 -163.998 136.962 197.858 -114.456 34.7125 21.0015 -168.915 -118.673 -96.1756 -197.818 -125.299 57.3776 112.117 -139.339 
106.581 57.1983 -108.253 80.1475 38.2327 124.206 24.3731 -57.9253 -75.0362 -37.725 189.621 46.443 66.3508 198.364 114.943 
79.3268 27.4893 98.5663 -8.74208 50.4504 69.1495 77.5992 -162.954 193.128 154.636 -100.948 67.4145 158.196 -155.244 161.325 
-184.184 192.732 170.641 -161.96 178.253 -187.26 88.9622 -118.741 84.1317 121.782 16.9278 -69.3379 138.022 -115.14 -49.7975 
181.916 166.626 179.509 96.449 -13.6476 -140.675 17.719 -83.306 37.4985 -151.665 -70.113 -8.97284 -57.5546 -101.928 -118.23 
72.212 -6.67264 71.9919 -3.60756 -11.8827 -50.6225 -87.9587 -109.026 -1.9942 145.103 76.3158 8.97358 -28.4391 162.664 199.717 
-141.457 -162.241 181.661 -6.84644 170.535 126.97 -86.1894 -1.52686 -142.026 -163.095 74.5348 155.005 -192.954 199.663 113.329 
-86.9985 70.2255 -25.8528 158.334 157.123 -47.4637 -122.998 -189.536 -125.797 82.1884 -129.575 56.3775 22.161 -4.38554 92.3813 
-10.1331 -89.1264 -107.734 49.2461 68.3654 -105.407 -36.6948 -102.269 84.2749 134.068 186.145 -65.854 -26.6924 -0.827918 57.5594 
112.715 -159.288 12.8972 142.834 94.2102 -44.2883 70.3054 -87.8137 -147.775 -53.2406 -153.722 134.493 -187.891 169.635 153.175 
-12.5109 -108.827 142.92 -129.867 -151.57 130.743 120.766 47.5482 85.5881 165.833 42.418 -173.128 124.495 180.531 113.321 
61.76 -76.8286 -182.177 -6.51464 134.404 186.804 180.305 100.248 -57.6769 81.5765 32.4987 120.548 -145.871 30.5781 -4.4317 
-105.977 159.559 44.5236 43.4452 41.6712 14.6106 129.806 66.4444 85.0384 -167.352 106.167 -157.911 122.003 -59.1666 187.738 
-19.6888 181.878 -184.945 -30.4411 -20.8511 -189.01 198.179 102.37 -159.871 166.713 -20.3321 10.0021 140.87 93.5138 101.137 
-17.9955 102.767 85.4472 -46.0123 77.0302 132.834 173.37 -152.504 -138.254 -159.713 107.999 -90.796 16.1612 -91.5069 139.211 
190.298 83.8159 -13.242 -110.066 -191.154 138.783 162.907 4.19062 -152.134 -119.717 173.615 160.543 85.3427 -40.0618 -156.78 
-155.223 180.501 -111.54 -12.3371 110.563 -63.7875 103.345 -185.756 -97.2064 81.0408 -137.883 144.745 -57.8629 35.816 16.222 
-147.943 106.821 27.7669 51.1706 -132.75 -161.69 -96.5147 -112.836 -15.5941 183.68 18.4695 -4.29996 -156.23 -2.62278 151.185 
95.49 -180.93 56.2618 -88.9613 75.9576 183.444 137.937 -120.483 -40.9145 -32.2814 -8.21416 105.216 -97.3382 -82.1506 -136.122 
66.2932 152.207 144.284 96.0045 189.351 54.3969 129.213 -180.558 156.457 -61.9928 131.197 -60.0785 110.275 20.675 184.313 
-101.847 -170.529 67.3656 116.248 96.0325 -41.5429 126.625 -115.782 26.7956 -146.041 77.6817 140.723 -186.599 141.99 187.064 
-183.29 -184.543 93.6214 95.8909 -6.41338 18.2856 -159.161 12.1476 60.1919 42.459 170.374 -75.6245 183.458 -132.882 155.937 
-165.111 157.795 -134.333 -138.864 -121.446 -35.2784 174.759 -23.0957 -0.0474566 -51.5497 111.993 -61.724 33.2655 -97.0445 -126.785 
184.008 173.122 198.496 -56.1491 55.1498 95.367 -172.027 105.376 117.835 -80.2931 -183.117 -95.4376 65.8731 35.9619 -50.4733 
69.5952 24.9054 -130.526 -53.3703 -71.9984 -196.421 -31.0632 -113.136 -183.761 -70.3276 80.8288 37.3376 106.09 -186.625 -183.759 
-100.304 92.9517 111.114 2.13071 180.793 -145.675 70.8892 -151.17 -32.4733 164.449 193.301 83.0519 24.7708 8.22093 23.3622 
162.229 5.59675 156.483 186.358 -189.391 50.9443 -59.2649 172.101 12.3913 -62.7705 16.4777 191.794 -123.404 135.064 176.421 
134.691 60.3846 -113.673 76.1313 -183.779 -86.4286 164.869 -154.328 -47.7043 15.3051 195.015 193.324 163.132 172.58 4.97431 
90.3058 -102.952 102.107 -23.4182 -159.764 100.691 84.3543 -11.739 46.4186 116.401 -30.7988 -37.4402 -129.566 -37.7166 -18.573 
9.60578 155.214 -94.3011 -110.073 58.8946 -2.74218 136.254 52.0306 138.927 58.063 -196.603 -95.0241 -87.2475 21.9785 26.3499 
-62.5418 65.7145 109.753 -52.0708 -131.344 141.997 171.418 -140.773 -90.275 98.891 154.995 -58.1344 -35.6553 177.089 169.735 
184.513 -31.4365 -169.927 153.636 48.1342 -31.7495 173.263 68.0603 196.59 -106.298 -130.494 -103.413 80.7166 92.4877 65.8918 
47.4321 188.32 -44.0754 -86.516 -92.2266 111.107 105.625 137.799 95.8917 -157.971 154.172 -98.0748 130.464 -185.496 -0.781004 
-159.347 118.821 0.3535 38.113 50.8062 153.039 153.818 133.942 65.4294 -156.999 85.833 -4.66877 50.4916 185.498 55.9324 
76.6517 -38.7741 142.766 -194.418 109.558 165.955 47.1349 -178.959 -40.2122 -97.5557 131.763 20.3841 -192.701 -4.70567 -6.20437 
18.7799 -192.059 -92.7723 -161.006 95.251 -44.6994 -108.449 -71.5352 -1.25495 -105.542 -150.084 -101.998 -17.7168 24.4401 40.6495 
-199.612 193.253 98.5268 -0.258192 155.263 -66.0486 -21.5879 37.1495 -24.7006 129.844 38.9309 164.483 11.2788 -153.792 -22.1954 
-100.423 -27.1585 18.0942 23.9602 175.654 -23.1482 198.17 -17.2662 -28.418 -80.1261 -11.1779 -28.891 42.517 -141.276 -46.2424 
-1.35465 -70.8692 -169.725 193.804 129.766 -82.7407 43.3558 -49.8933 -153.132 -146.081 18.9786 -79.729 173.738 180.468 -85.8953 
29.2425 177.933 14.1451 -166.238 -165.003 92.9875 -104.345 -82.8748 125.98 192.275 35.6494 -180.779 -4.93581 -132.77 120.516 
-144.07 -122.968 -177.465 -135.578 141.351 89.8573 52 69.8367 -106.877 -11.5191 138.696 -126.418 -72.8549 1.37882 -42.981 
24.6731 -128.395 45.9023 -199.362 70.9032 42.9452 -22.2381 -172.761 180.281 -177.451 128.189 -194.564 -6.42797 113.086 -166.438 
62.0719 -142.934 132.943 -78.918 -170.386 -187.928 141.06 76.4653 167.224 72.9037 104.419 -13.8478 188.509 -147.996 -2.3451 
37.2814 -123.891 -70.8497 18.9445 12.8569 -111.114 151.52 33.6553 44.6319 186.482 29.8185 75.6411 -93.5982 -51.7286 -108.841 
-72.1608 68.1928 83.0914 -87.1149 -7.79023 -179.756 -82.2576 -184.957 101.269 28.9633 -15.6105 158.507 90.8766 -144.87 -45.0987 
-9.57847 4.17292 132.94 -24.7811 43.2127 90.9621 156.568 -7.51839 -96.3343 16.4303 71.9517 -142.116 136.533 -6.55784 -112.002 
94.4545 193.592 61.1353 3.04631 191.822 -107.503 133.881 -46.5308 -73.5764 115.375 133.568 -92.1372 104.729 -136.558 -173.469 
109.31 -83.0365 172.309 -155.421 -144.278 -131.358 -12.3949 -136.255 -75.0736 55.7671 -81.4932 144.56 -132.571 165.375 -190.975 
95.1619 141.859 8.25608 110.33 -174.199 -65.0647 28.7247 -19.8786 95.7712 37.6104 127.018 -29.9935 -64.9072 -63.0575 198.986 
11.5422 -91.4348 -108.827 61.0267 -3.01198 28.61 162.258 -50.212 160.213 60.9177 -119.942 93.6174 -97.1821 -78.2065 43.976 
144.946 -44.9083 119.865 41.718 127.107 -199.173 111.469 -21.4521 170.433 -194.203 -33.2448 151.536 -177.687 18.2742 36.9909 
-169.109 -66.2269 2.50688 53.7186 117.821 -2.43557 49.8083 -37.9482 -143.117 150.255 21.7748 138.162 156.566 -5.18984 -12.5082 
-176.202 -185.164 -40.4781 38.1831 -137.083 71.8255 -33.5936 145.244 53.0734 72.4861 -164.569 199.48 -96.4379 -82.185 10.1348 
-145.03 3.80396 104.826 -144.958 37.2584 -137.137 -189.094 100.427 -57.7178 192.743 174.734 -141.039 -68.2968 -117.216 -105.951 
68.936 72.684 54.7465 -132.482 -185.128 19.4051 -44.1407 -14.4705 -44.0342 188.052 121.415 125.881 121.22 -67.1541 73.4801 
-81.2684 -23.8824 18.9073 -133.837 71.9518 -177.915 60.7519 7.72626 -173.142 -181.606 -57.9311 127.044 165.829 -148.267 137.625 
155.639 51.197 -16.1619 146.979 122.532 112.356 -110.149 -174.287 -111.339 70.0851 -38.8627 100.99 -157.864 -44.4436 -43.2632 
-154.625 -2.20732 -123.911 -103.326 19.4887 -159.566 105.342 -136.546 -105.482 -106.039 -122.788 -97.3022 108.017 72.6381 8.34589 
111.406 51.5223 134.431 -100.231 -157.63 16.6593 6.92259 28.9983 -116.666 160.557 158.357 -161.833 -58.7258 124.614 -44.7009 
-30.0533 -137.925 50.4625 112.787 -35.9404 133.432 -155.464 -27.7616 125.915 39.9047 61.2901 119.585 -132.852 -138.116 153.712 
-102.418 -199.119 -19.1685 142.175 -50.2997 -104.421 -114.138 20.8124 179.3 22.3122 -174.383 -13.4621 -164.331 82.5628 -166.178 
155.08 129.166 -162.864 -38.9772 -159.164 -123.036 125.691 161.334 195.058 68.0224 -24.5234 -92.9035 -22.1493 -51.3739 -117.016 
-1.46718 -81.6023 -133.665 163.867 -48.8636 20.0632 -160.145 102.15 -22.1407 -86.3876 -199.389 193.134 3.63566 72.2418 -73.1228 
-27.7124 13.1247 136.004 183.98 -103.218 37.1248 -179.828 -187.517 62.9592 84.3339 0.362476 -63.4161 46.1955 -53.855 -111.346 
182.891 9.297 26.9445 161.475 166.608 -104.984 -49.5187 -79.6334 178.872 -181.309 -128.888 117.67 22.5846 32.0652 -102.775 
-54.8147 191.628 -90.6421 -117.727 -169.031 82.9217 -96.1926 79.2079 -172.343 -85.3051 -136.212 -105.533 -38.641 -50.3581 -123.763 
-142.524 -156.834 97.0374 -100.898 83.1599 -198.573 90.5345 129.145 14.4381 -3.42147 -150.523 -36.8847 -93.3523 -180.638 -23.8566 
-80.5441 53.1188 172.993 -91.4829 -148.464 -159.118 -75.6381 176.75 75.2823 -93.1263 46.489 -165.404 145.083 -113.71 -9.52486 
-179.033 -18.9098 -55.4379 -47.6564 156.369 -51.6549 53.1401 149.29 -152.181 -75.8571 69.8251 -131.894 106.863 -50.4356 69.3227 
-34.1893 166.17 85.7301 175.321 43.2304 -70.2018 -78.3028 192.19 -43.5649 -70.5251 99.6028 86.9514 188.648 -122.227 -195.739 
58.3863 -150.917 -183.357 -104.875 159.88 -54.8641 150.585 -135.801 109.816 -112.785 97.0106 195.289 -4.88963 155.856 84.7228 
-70.9391 -45.9314 -120.717 199.399 -32.5773 -19.9148 179.678 73.1955 -22.583 -22.4212 -97.3847 105.286 -17.265 82.2767 -124.464 
70.9459 -24.6637 -6.49993 6.28091 150.719 -166.545 -197.214 -3.89571 6.67347 -39.4906 128.523 -146.042 25.7911 113.454 -144.1 
175.641 -147.723 8.60436 -145.96 185.63 127.49 -100.182 -108.968 -174.296 43.8446 128.733 183.874 153.574 125.639 6.96384 
136.534 -99.1359 -66.9272 -103.24 128.666 -103.782 -81.0935 29.0097 80.9846 64.8019 -1.89422 -199.579 77.8596 -9.34472 -56.0619 
-157.63 -157.837 142.835 -189.183 -13.9762 -123.638 -84.5856 -180.257 -118.251 -131.947 -3.75906 138.397 54.6389 65.1754 28.9901 
136.79 99.2781 21.6461 163.269 -111.291 -70.0998 170.944 -17.03 56.733 -126.837 -108.449 125.137 -78.3554 -68.5114 76.2384 
46.0988 138.136 -48.0484 -183.23 179.899 18.4673 106.928 149.674 -15.236 178.285 116.748 173.576 91.0527 113.531 128.188 
-114.118 23.2191 -130.45 -111.953 39.7049 41.3658 -58.9705 -69.1003 159.559 -192.98 -8.45761 -161.765 84.8198 36.8739 90.6124 
191.319 -138.375 -188.305 188.698 64.8457 -157.585 -151.433 -37.522 -16.6368 8.82257 -171.557 174.681 -38.6639 17.62 95.76 
-145.218 77.1593 -95.4673 -37.2777 82.7881 118.006 -176.042 -53.3877 125.668 177.306 146.275 136.62 143.501 18.1209 -46.5358 
197.547 73.3361 188.005 -20.6168 52.6674 177.988 152.95 -99.9353 137.214 31.0864 -80.2698 -173.387 -186.994 -161.907 98.0255 
38.9947 -130.93 -58.4462 -161.338 153.576 -76.5968 92.9306 158.59 -95.5213 -178.615 193.81 -181.691 108.718 -91.724 -60.8968 
-54.8518 -17.6549 -167.46 -88.0356 -29.3945 155.621 -76.3187 20.2401 -172.901 129.374 -144.011 -81.5716 15.7936 0.607985 -163.954 
95.3009 157.167 68.1379 157.488 159.585 -15.8957 -158.256 51.0614 -36.95 137.186 -124.178 114.042 -125.663 -174.752 -54.263 
164.828 -71.468 -159.169 -13.9127 106.733 -82.932 -69.8242 -17.9948 -170.627 169.379 -123.403 -52.8153 173.98 157.834 -48.5278 
44.2093 -191.627 -76.9042 -17.9294 -89.4263 -185.673 183.476 184.967 44.0599 -151.601 174.6 116.896 -22.3983 -137.774 -185.504 
-158.184 -193.558 -28.8337 107.159 -37.5883 -58.3346 -14.078 -162.31 -44.1338 -5.24858 -145.304 -155.748 -123.456 -81.1567 19.7419 
-53.2513 -127.13 172.988 -161.92 -108.499 81.7411 -63.1595 -105.033 -107.249 155.586 -52.1293 135.234 126.115 122.232 -129.469 
175.052 -148.544 -72.8036 16.1567 -109.947 11.7024 57.3189 -119.463 -0.318645 124.115 117.026 -141.993 82.7425 -13.2064 13.2113 
-81.8053 58.856 -68.725 186.045 -184.558 -47.2068 40.5603 93.4457 157.501 73.1136 126.975 197.381 17.1332 45.5421 -64.4744 
80.8837 23.8772 -33.3215 -29.4235 107.387 196.228 96.862 -59.8646 -178.693 -28.2494 104.472 127.473 131.758 -151.443 -11.247 
-59.7806 160.583 127.563 81.1635 189.867 189.507 -149.032 131.79 115.752 54.4601 173.938 -133.057 198.266 36.4356 67.7874 
-197.707 11.9752 -53.0107 182.957 173.176 62.3889 -116.02 -159.501 -60.7675 -28.8597 -106.711 92.9764 128.097 14.268 76.8294 
43.4169 126.268 -60.3557 -42.4965 -118.728 155.098 -80.9418 103.96 194.845 15.4744 -50.7518 -187.709 -96.6925 69.4128 -124.949 
-46.4248 125.556 77.6778 -1.25605 -177.663 178.229 127.133 0.257111 88.5532 -48.1027 145.628 172.178 123.927 45.3285 -177.048 
147.423 -64.4127 49.2831 146.617 -175.794 -70.8421 -31.3609 24.6345 4.11721 -88.386 36.0206 3.69351 -157.434 -157.64 -104.389 
-169.219 -51.951 -135.572 132.713 109.272 58.1551 159.538 -24.0176 -141.65 167.994 40.1444 -2.09801 183.459 9.75713 -75.1933 
-87.6105 -0.273914 104.503 -97.0095 -50.5734 -153.42 181.808 111.557 57.003 -44.8133 171.957 -153.73 137.482 -59.096 162.082 
19.2305 139.186 78.4125 58.8383 -5.00407 -109.803 -35.189 94.9339 42.1795 -72.9594 33.0441 74.2371 -141.149 -129.194 115.739 
53.6691 -53.6402 -48.6445 -169.637 17.4438 84.2358 167.884 -157.44 -184.579 -113.817 105.8 29.7288 -26.4747 140.46 -89.8259 
8.31037 67.0053 -27.5844 32.3203 -171.255 -152.666 -129.045 163.567 -146.213 -161.021 63.019 -101.038 41.3359 -54.8832 -113.174 
-166.861 -139.801 -28.8566 65.8275 -79.2647 -164.841 149.598 -97.3843 160.303 -162.597 5.00391 41.3774 -139.52 108.911 59.4155 
66.7676 -152.198 126.324 93.5541 -26.9903 -31.5891 -165.193 -60.2041 106.14 -136.788 164.556 27.2731 -58.5701 46.0508 -115.362 
-166.328 28.6648 196.983 12.2962 -14.7869 -152.787 -164.438 69.5832 150.551 167.864 -21.7504 197.106 -77.0107 33.2232 -197.271 
-53.7689 -167.668 16.4726 95.4937 -1.34231 -130.137 182.103 165.667 179.311 -95.2034 -183.679 165.271 -149.576 120.007 83.4655 
-154.114 120.684 -49.6168 56.8772 71.2479 92.2119 82.5247 -84.7308 -116.406 151.378 -112.494 132.923 -149.052 126.813 -23.8587 
122.376 -95.6607 34.8752 199.733 -2.64245 84.8607 -95.5332 195.675 -65.8449 -34.2207 46.547 -57.2316 -110.194 21.9271 2.04961 
93.3464 110.515 -117.911 133.61 121.003 -123.349 189.527 160.823 19.5229 42.7286 183.232 -165.035 -15.5393 -113.451 131.703 
-80.0356 -42.4838 -0.320913 -181.06 -72.1171 -53.0422 -153.221 0.826527 76.5457 135.474 -190.244 29.6153 167.705 -48.3086 174.128 
140.494 -131.142 -160.503 -14.7433 -108.47 -10.6209 -181.622 197.786 70.1588 -179.173 -45.1812 114.927 -116.427 185.566 18.3603 
-91.6792 -151.547 -2.38751 -180.135 29.191 -47.9187 -182.201 -87.7817 176.189 -175.629 -165.862 -79.445 4.40805 -69.693 140.268 
155.394 126.667 188.967 -180.599 -135.844 102.416 -44.782 -130.682 51.2569 -39.8779 -193.671 69.8626 -66.2962 83.4535 98.5046 
72.1638 18.9323 -162.433 -106.509 192.017 -15.865 -197.423 -22.6611 -43.5704 -179 24.4869 89.6378 -98.758 119.704 149.93 
-155.637 -170.894 191.65 -56.1348 -48.9059 52.0051 -115.832 67.1037 100.2 -183.483 -178.55 -18.5263 -140.97 105.577 139.403 
-162.636 -148.682 -14.4594 -30.7309 -154.836 -37.1368 154.426 123.349 -129.955 -197.468 -175.795 -130.92 4.73957 -115.848 -67.9463 
163.814 134.073 -23.2471 81.8079 53.376 -16.7033 -68.801 -143.389 -86.4823 -40.5382 30.4781 36.6373 59.5057 -30.9168 78.092 
138.228 54.8046 -23.3012 -160.875 -86.8932 74.306 -194.25 182.293 -148.701 93.1423 -117.269 156.859 -184.33 -23.6908 44.4592 
-140.651 93.4186 100.91 -174.905 -145.781 -28.567 -0.895553 -127.81 137.883 -0.904505 130.653 39.2179 38.5563 26.4872 0.11415 
18.8428 -4.0589 183.138 -16.3342 151.622 187.49 -191.187 182.486 -46.4053 -92.9609 196.744 119.575 -192.06 -131.325 115.262 
158.127 10.8791 6.02053 -22.1256 97.6736 150.971 -65.3925 120.886 -73.6687 -18.5195 51.8125 -9.03784 8.66522 94.6003 192.32 
74.3274 41.4874 -77.9013 -192.869 6.4642 -199.265 -165.743 -3.99907 190.813 9.4126 117.326 27.0481 -70.0476 -117.698 -125.266 
-153.911 -113.916 -6.38009 109.535 -176.281 -64.9275 6.49632 -140.749 177.543 115.896 -97.5874 -168.664 3.17863 -60.7324 -78.0932 
-144.528 36.7174 -167.206 -162.648 105.527 -106.328 -44.5682 -164.6 88.4259 -5.78442 149.194 -190.437 41.1175 -178.983 -122.908 
-102.925 -174.081 121.703 -147.387 -172.223 -150.185 -105.007 161.26 23.6546 31.0436 -105.899 -180.298 -191.857 82.978 -151.856 
34.7855 190.038 -107.313 35.7428 122.138 29.2816 7.89125 -53.7167 129.162 147.899 -142.906 93.6329 -54.7697 -163.828 -26.502 
-58.0137 -63.0159 -45.8853 -7.67249 6.43383 -195.775 -12.3912 40.9421 -199.857 -126.648 67.8058 178.31 -0.419661 -67.5301 188.696 
81.7832 -40.9941 120.717 92.9048 195.629 52.7973 95.0622 57.1322 -79.1884 18.1984 -30.8683 5.22774 -52.9617 120.988 6.58475 
114.178 -164.842 189.883 -117.687 84.265 -45.4256 -27.321 -79.6359 -133.889 8.89728 160.424 -195.611 -28.3676 -140.642 117.893 
158.732 128.305 -59.6053 65.1238 100.621 118.272 68.7809 -164.867 199.811 49.4976 -166.751 159.715 -119.266 -171.844 -150.5 
-81.9824 172.358 -86.5155 -113.541 108.312 -100.963 95.873 160.346 140.845 110.487 24.2976 -59.8064 99.0455 36.9504 -15.7542 
-60.163 -55.1136 -188.664 -185.14 -111.957 136.226 -102.357 136.623 -44.2551 -134.189 -98.1113 143.854 -154.126 128.635 88.8663 
73.0091 -40.2491 134.918 -103.887 71.8167 -173.82 8.86124 189.178 -112.87 -137.503 95.2316 140.308 -198.206 197.57 -137.453 
19.6849 -148.494 -186.924 80.5695 -119.35 75.4358 54.9612 -153.449 -141.781 -189.981 154.112 -82.3632 125.953 -48.454 93.1482 
-48.8055 -37.7384 -34.4727 37.7234 115.576 42.5312 -56.8206 -43.9321 -129.211 -29.7434 -174.057 -19.7262 -32.1555 -51.7314 -104.999 
-199.673 136.873 -75.8493 128.066 126.853 139.015 92.9007 -66.6784 30.0857 -185.108 70.0956 100.407 144.829 -4.64398 -40.7156 
114.63 98.8936 165.984 -174.894 -165.849 -30.6815 186.049 192.773 51.3328 -94.7627 -97.6054 162.838 -8.33654 153.603 -183.894 
-79.1533 121.441 -151.356 16.9076 124.472 -133.944 -53.3452 69.3156 -68.0092 197.377 -94.775 -72.1251 4.45984 42.3685 -6.60587 
-101.279 75.5576 -88.8129 108.071 147.739 57.612 -8.85785 -45.9127 179.358 58.2122 16.3446 -80.7469 -57.6954 -148.929 -182.546 
-73.1699 -17.5484 -34.8036 -165.835 -120.764 50.7828 -44.1772 -139.985 34.6363 137.368 -69.3582 -66.7231 -142.301 -126.304 -44.5684 
-92.04 121.506 167.142 20.0862 91.9347 157.124 -15.6502 -65.4026 -94.3218 177.541 -195.776 -31.8646 -170.276 -29.8383 35.9486 
-6.20779 37.3929 -184.851 -52.7852 -143.829 -66.1948 12.1695 -66.2913 -114.45 -109.126 79.1108 76.4037 -131.263 174.777 54.6915 
187.428 120.761 -28.4337 -186.632 -71.628 -186.598 83.2896 148.2 -179.157 -100.939 110.646 -9.50093 39.4108 -87.0454 -12.6754 
167.038 119.67 173.06 -17.483 157.549 120.228 -93.4102 -141.006 157.472 -142.083 130.177 -34.2501 102.055 -188.273 -23.791 
40.0904 90.1087 -59.3519 62.262 185.79 18.5413 -161.825 184.281 -186.819 158.334 115.489 -10.7857 -104.085 197.168 87.9991 
176.237 45.8863 -58.3721 -62.3855 -177.327 -141.886 -121.921 163.213 -152.193 -174.122 -0.716362 28.1846 137.922 79.388 146.926 
-68.8866 -187.039 -57.7353 122.64 -64.0058 -33.1724 32.8857 -58.017 110.008 -132.626 -117.805 122.593 -48.0693 89.7285 -102.317 
104.326 16.2663 -52.5188 -12.1562 10.8554 -63.3397 19.938 -188.79 -12.0856 8.77509 -164.969 -94.2216 17.0623 156.493 -156.174 
77.5505 168.28 91.6087 -52.8775 -136.179 58.8074 -79.0583 125.089 112.243 -186.971 176.229 34.0041 -169.604 -154.349 -132.402 
190.343 -89.8355 94.5807 -113.093 -193.52 -34.573 -172.963 -91.9802 -57.5676 83.342 160.27 -9.94619 -58.9614 -196.018 71.5922 
-0.738862 -142.44 172.177 -134.592 108.799 31.7137 -49.4375 167.958 192.662 173.529 87.3297 -163.136 -90.1701 155.472 -158.014 
21.9382 133.616 -32.5969 -64.6907 108.227 -86.2716 186.536 -93.2818 -63.1289 -63.2446 -112.107 -159.615 -63.6032 121.831 -163.331 
198.248 -24.1142 175.748 6.03372 41.1145 114.793 -91.7434 61.0547 -6.68494 1.89442 4.39781 -170.217 -194.63 131.314 170.422 
-193.68 156.912 -151.601 -126.14 -123.825 -22.0511 53.8818 14.6508 -153.843 -104.708 -135.293 145.324 159.472 189.026 46.4365 
-192.272 126.678 -137.815 68.0479 -194.387 177.595 -86.3451 157.718 17.9719 74.1494 65.741 108.191 -128.816 -129.312 14.2147 
183.233 53.7378 164.635 -36.3678 -174.117 131.301 -52.3777 -86.4831 -72.7311 -159.99 -25.1474 -42.8095 59.8876 155.41 -31.3276 
-131.77 150.023 5.49878 172.041 20.5961 -107.367 -164.219 54.8597 125.505 16.7345 108.012 178.411 -168.892 174.37 73.626 
7.333 -52.0465 101.524 -70.9847 -120.505 54.5378 75.6998 92.142 186.828 122.309 -82.1528 132.667 -43.9275 -181.166 -136.776 
-5.64685 38.7532 105.634 179.628 -70.842 42.3469 59.3768 -54.8253 90.7279 141.418 128.905 -141.811 140.076 161.227 134.91 
34.7042 -162.133 30.6697 -0.561008 -58.2633 -58.5072 -7.9677 126.102 103.449 122.66 187.546 4.7026 -134.264 -13.9012 -21.2905 
-192.901 7.27442 -11.6571 -140.42 -175.236 -8.18378 -126.775 -108.702 -185.427 -186.257 12.1156 191.165 -194.581 -130.091 3.10778 
44.1959 -195.754 -144.224 -83.9896 121.372 -127.105 26.7187 -29.2149 -176.289 5.49401 -174.35 -1.70786 -149.121 -95.8994 139.609 
-35.7082 -161.552 -63.9222 -12.8137 -142.75 102 -145.112 -57.9103 -37.1331 30.2477 100.912 -92.7222 41.8512 -156.027 -28.9307 
98.3279 170.459 142.73 -64.9484 -27.9897 91.9942 -189.487 142.457 164.513 -178.088 -16.7914 158.05 -19.8244 -114.793 152.763 
46.2381 -24.6213 174.143 -164.187 -103.629 54.6046 128.297 -106.244 -191.087 -198.321 190.542 73.5276 -36.7855 6.76076 -122.119 
62.3419 -157.72 52.2441 -49.2978 -163.268 -95.2695 123.119 18.3505 152.297 -173.797 194.582 -156.442 -198.196 180.064 109.276 
-142.821 -4.9287 -52.4192 -21.3936 -24.3541 92.8713 -6.65167 -71.4802 -185.364 -110.583 50.3803 -42.0331 -173.443 -174.199 110.989 
3.1495 -128.964 3.78898 -12.9919 78.5622 134.723 -115.178 -177.099 -65.063 104.235 29.7624 52.0476 98.7598 134.97 -139.514 
-176.845 -9.19044 -21.3476 -168.996 155.195 -186.505 81.7996 -106.136 -105.922 37.3295 89.8479 -92.2872 -172.397 -152.589 -31.9187 
-150.04 -19.7978 2.76397 -100.922 129.025 -187.433 -49.6957 -18.8695 -88.4554 198.913 -48.6591 30.7044 20.7302 -70.2452 -179.631 
-116.468 79.978 31.9606 -1.0109 110.009 -100.751 -145.736 -163.271 79.641 -143.127 -50.947 -75.4105 194.719 186.817 -66.8638 
-157.525 -86.1425 43.6685 -66.3945 -84.1156 -162.601 -52.2454 97.4261 -144.701 29.9832 -132.683 52.4956 181.616 3.99876 -184.844 
-4.32779 -41.0152 -73.9282 155.302 106.537 -158.266 -77.4888 -19.6651 -82.3711 121.931 48.7443 -172.698 68.1789 9.4612 -192.967 
60.5708 20.3449 150.834 10.2711 -7.52998 118.249 139.802 135.067 114.015 -108.198 197.896 192.178 180.483 14.2072 -56.9404 
-158.016 130.252 141.363 105.546 -147.474 153.272 -137.18 -107.575 103.334 -123.984 -176.595 117.454 52.8943 -71.8057 65.2854 
-25.1571 172.801 99.7058 -2.00915 -99.4092 63.7767 -105.185 198.719 -104.196 193.895 -42.0904 -128.686 -45.1309 -102.178 -4.84368 
50.6377 49.5803 -97.2608 152.109 -195.281 -112.365 66.9025 6.42603 -139.493 -24.8145 -65.7926 -107.037 35.5553 -83.0124 -195.016 
47.5722 188.693 -40.5445 -57.9242 126.308 29.5078 -60.8016 128.142 190.28 36.8436 -145.401 -121.24 46.5249 109.412 -123.492 
-108.373 45.0138 -178.386 35.9892 -45.7935 51.266 -198.732 -0.357959 -23.5142 -84.6218 69.9968 -113.719 48.1894 -154.086 -189.073 
54.7184 -77.9377 -52.7965 -139.207 -144.063 76.1742 77.6821 -111.848 -66.9885 -131.143 -141.057 109.122 -171.708 -52.6112 -82.934 
-138.144 -34.2883 197.47 -81.6916 2.65396 -108.148 -83.0321 -76.5865 -160.269 -8.83587 126.733 -95.09 16.8018 83.0599 -133.172 
-145.32 107.777 144.111 -136.426 -169.098 -155.32 -144.609 -182.717 -77.0402 -171.464 69.4372 -132.42 108.412 -14.4858 -110.879 
64.815 118.272 129.508 -75.7263 148.954 32.2181 52.4657 -90.1128 -188.249 60.978 -141.832 197.965 -113.256 -90.894 -17.5804 
151.298 147.485 12.3767 -179.95 -110.488 -55.7131 -137.323 -161.043 16.0035 -81.8581 -22.0214 -184.99 -62.6391 183.659 69.8357 
-44.0811 145.499 147.916 -73.7819 -35.707 187.506 -22.7225 39.158 128.242 -62.4518 -110.205 -77.5869 179.709 -157.404 139.536 
7.77306 141.732 176.227 176.785 17.5009 95.0424 97.0535 -107.511 -180.438 -151.669 -84.8165 -124.594 51.9542 170.032 -95.1655 
-137.963 39.6399 -115.674 83.0477 113.522 21.4598 141.932 176.515 -81.0721 -67.9162 -95.3413 -112.42 81.9248 7.67529 105.4 
-177.865 -22.1362 171.935 -59.0202 -155.95 175.585 -16.2933 -154.259 -42.1801 -175.809 -117.09 67.8758 45.0878 11.9616 110.029 
-142.81 118.331 -8.51746 20.9535 166.799 -131.113 -39.8572 -33.605 145.234 -177.699 -88.7317 -195.721 -186.963 37.3231 -55.7509 
-15.6969 69.7786 -21.4135 -166.475 -31.1382 -114.695 -10.2883 24.1152 -179.981 138.989 -7.16595 -134.782 122.275 -51.4276 -56.3313 
41.9321 -84.7472 -4.1959 -49.1971 38.267 151.883 -107.056 -46.1475 -163.974 -188.5 -180.488 -183.655 -120.225 76.6935 116.124 
73.0618 -88.3289 -27.5904 -97.2347 -142.557 -37.0662 -12.7146 -0.263986 -79.4607 -159.692 -185.054 61.9077 178.722 -95.671 36.9051 
-4.63683 123.968 174.918 -199.993 -36.9805 0.218558 -95.1329 183.042 155.957 28.8783 39.5747 145.762 158.999 -137.269 166.471 
20.7921 -20.5238 118.199 -63.1811 55.7512 156.755 38.6038 23.0969 127.807 30.4818 71.3736 -140.568 164.037 39.6008 150.222 
166.084 -27.4011 -117.087 -65.2349 -10.7842 -27.9299 60.2535 21.033 163.883 -11.5773 32.4366 -179.05 50.174 -137.652 -178.242 
51.2468 -85.585 -102.724 114.351 -17.3038 85.8115 33.3089 -156.817 -65.9524 -163.332 133.872 -13.6623 -60.2324 36.8916 160.294 
-91.4277 110.452 -11.9575 140.986 -80.8055 -47.2156 133.297 -73.2856 112.144 120.805 148.84 78.0487 108.008 14.2632 -121.088 
-155.713 -6.7408 -94.1194 -9.68416 81.132 -191.096 -90.1264 -195.699 100.933 104.533 -145.982 -117.579 -58.3458 32.4533 -162.677 
-115.304 -143.786 -26.5845 -55.4894 -12.4538 -49.1038 -164.272 147.622 146.417 -81.7773 171.941 23.4789 -111.007 -44.6766 -34.7111 
-45.2732 -182.357 90.1016 -20.8523 -182.198 -199.292 -114.515 44.7221 19.9174 34.0785 172.2 -102.179 -36.357 139.612 -98.5196 
95.7112 60.651 -151.901 -119.312 -85.8199 48.4949 44.3635 72.5382 177.77 181.911 171.886 138.821 -77.3006 183.454 144.076 
60.6935 152.939 -127.398 81.0909 111.916 -104.981 162.837 -62.9446 -192.899 -95.6732 117.189 102.708 175.148 -63.4134 86.2992 
-159.354 173.798 -112.987 -81.1287 83.7673 -153.464 8.59724 -40.1988 123.086 18.9955 -49.2275 -185.497 77.7609 -101.935 -118.954 
140.482 142.593 -95.3835 46.6346 -55.9838 -147.631 -86.339 -14.8364 -178.231 52.7144 86.7028 50.2668 -139.13 -176.088 -167.408 
-61.737 153.678 2.46997 -80.0611 144.994 194.699 161.43 -8.87502 -106.996 -69.2685 98.6823 -189.168 -133.009 -7.96389 -70.5989 
111.584 113.622 139.316 -104.05 -74.5747 168.673 -110.963 -162.14 189.876 155.461 14.677 -119.608 158.891 15.1804 -12.0415 
-126.819 -112.296 163.1 -9.12025 56.7139 50.796 -26.9768 -132.941 -149.285 76.9094 -35.2317 119.946 188.647 -130.669 54.943 
-91.8857 65.8528 -61.0205 -41.8443 -169.706 165.779 132.259 144.407 -140.655 17.593 -73.7385 110.298 74.8446 -199.051 -168.085 
56.7369 58.8128 80.344 101.042 23.4457 -117.621 -152.787 -163.71 -35.3561 67.928 12.3693 -69.2906 -185.149 31.5983 -160.309 
147.131 -187.693 188.917 -102.064 168.542 -180.166 -164.034 166.979 -5.08207 -166.404 128.349 -91.2995 -8.37975 100.89 35.1556 
-123.269 2.26039 -43.7034 82.1198 -88.9911 -199.37 -183.6 -86.6087 -175.272 43.567 -23.0936 42.7036 -182.599 110.189 -89.4724 
55.5728 -34.4112 -124.527 -179.353 -101.097 172.363 -131.076 155.347 -117.316 184.652 -6.62805 24.4688 -136.686 -103.97 -73.7595 
-99.8021 -125.266 117 153.093 -127.077 -8.67951 23.5847 78.8333 -53.7501 -192.246 -79.3276 153.18 -103.52 108.534 -13.2761 
102.712 -103.36 198.168 149.961 -53.1238 195.722 112.951 -175.688 -8.07387 104.623 93.5886 143.266 -39.078 154.971 112.885 
-129.407 -81.6099 -94.3073 -172.492 33.8521 -111.297 -20.4407 -49.6958 -17.9563 89.8443 84.6233 5.35754 40.5506 -56.0996 -20.5815 
139.795 181.278 -28.1674 -7.37286 157.177 6.78515 150.183 104.199 -107.303 37.3371 59.5862 194.827 -96.6107 -114.556 -66.7934 
179.643 40.4674 -164.441 -177.348 -42.533 9.06589 133.127 -2.74537 -10.7278 -23.7881 186.146 8.14942 172.532 -123.978 10.18 
-87.5971 -4.80803 164.648 -160.627 22.4116 183.32 150.77 -196.176 -27.9231 103.62 101.479 -185.763 8.66195 -167.125 -121.449 
-19.6748 113.405 191.854 -136.51 130.765 -14.249 -144.765 -188.255 123.369 -128.674 157.022 103.529 100.259 30.3748 -120.787 
24.1775 -128.115 -193.885 -46.7607 -57.4569 139.702 136.922 191.307 -114.24 127.49 159.476 169.525 -78.8867 133.622 -88.5162 
-109.527 -174.807 140.706 146.644 183.204 -127.175 -155.174 145.806 83.1356 94.0692 -174.109 -192.686 63.2604 -10.8272 71.8002 
43.1959 115.304 -73.0946 -175.34 150.822 116.74 110.159 -123.563 35.5096 -41.9968 55.7714 141.966 87.4113 70.8704 164.646 
102.179 52.3607 41.6373 126.87 -162.439 16.6028 109.487 -11.1841 43.3181 173.181 185.453 -86.6911 -87.3319 179.344 -175.989 
87.2332 155.822 -119.349 -12.6368 -94.6737 -45.2392 -74.8016 180.865 -136.801 99.2657 -112.046 -28.7668 16.7327 59.7456 -171.094 
-185.767 -153.985 180.317 82.6673 -55.4908 -47.0337 128.981 -62.242 10.6175 162.806 -69.7184 -8.51486 130.795 166.765 166.226 
-75.2181 31.7902 -15.3417 60.7984 -79.7468 91.5473 189.572 -174.198 -100.354 20.4618 -145.048 70.8433 -128.206 188.207 115.022 
-93.8227 -132.947 -107.685 150.968 185.457 -105.84 166.46 60.1938 -91.4692 -9.08253 -139.17 161.763 168.362 -160.697 -150.034 
188.078 162.417 82.0947 -125.576 -175.753 199.088 10.3342 -123.055 -75.4113 -7.02715 63.1198 155.791 163.294 82.6818 -186.789 
132.309 41.1607 -45.2689 42.7937 60.6837 -151.174 -89.671 47.2654 -183.114 47.0661 105.901 -101.575 142.956 53.9941 -23.393 
64.363 -31.8484 23.3486 140.231 -3.11023 -181.628 -175.463 -45.5799 188.78 -189.352 187.68 170.585 64.5191 -120.954 -160.819 
168.579 -137.269 -178.063 -61.7286 -59.3282 -67.5111 190.509 178.248 158.969 -133.585 180.799 115.338 196.772 126.592 174.353 
152.917 112.883 108.264 -100.768 -182.33 -84.9002 1.72971 85.4788 -123.133 23.4046 50.0972 11.4806 187.991 -102.817 58.6484 
173.244 -58.3084 158.354 -76.5737 -13.4424 -142.194 -190.296 33.9876 -173.793 184.037 -173.278 150.631 1.94709 -113.192 94.729 
-158.227 -138.602 -171.141 -57.5984 26.0431 111.696 -52.7914 17.9904 68.2771 91.1409 25.8171 129.08 -79.7615 30.0915 -196.916 
145.688 105.06 31.5931 9.54084 80.7148 105.806 -29.7136 -87.9598 189.05 -66.5981 -74.4428 -88.4128 115.623 -125.576 20.2837 
71.8617 -69.7257 26.1787 155.421 -112.242 30.4587 -4.72774 -167.656 -152.357 58.6081 15.429 49.6606 44.2913 -77.7844 -105.167 
-159.743 -136.542 124.337 24.8356 -171.657 -116.451 -135.729 91.5602 194.932 194.216 -133.218 -86.8315 -61.8957 62.3821 -154.482 
119.34 41.6838 -57.6233 -19.9913 -166.565 19.3743 173.393 -97.2454 -71.4346 141.832 -99.413 -196.486 -175.219 197.419 -33.8126 
-148.361 153.505 13.2307 -190.818 106.424 5.44914 -192.378 71.2152 -40.0699 189.051 -106.004 -103.815 -161.006 -27.9653 126.088 
-96.7138 177.717 73.656 -44.3624 -139.436 -102.075 -162.691 -41.5942 138.825 -111.271 -136.512 75.1679 -22.2919 135.098 -94.0031 
11.6049 -66.909 106.407 -51.7023 45.481 -92.2853 -28.8452 32.0233 106.271 -53.1258 125.001 123.881 -61.2145 -183.859 132.271 
-141.972 -74.0369 -106.227 39.0972 43.285 99.6453 8.45361 29.8992 -65.2128 -9.19815 141.186 -34.7049 -164.68 8.08694 104.973 
-140.948 -190.143 -53.0688 -186.913 43.3694 16.5419 -38.2652 -74.1545 -146.547 69.4688 79.9742 57.5276 162.706 66.0027 -127.964 
113.236 194.592 106.217 -163.023 -81.0918 -127.994 -10.5887 -118.832 33.0876 -88.5836 135.803 36.7246 -133.118 137.398 99.6848 
-171.33 -162.915 -23.5403 -60.5704 5.0949 164.876 91.1075 88.6519 -120.754 67.588 199.772 64.0569 -96.5965 -131.174 -32.9704 
-134.103 -49.6682 -58.8687 -151.595 -161.394 -182.696 -53.4294 -77.3963 -135.235 -164.323 173.813 117.003 68.2009 12.0579 -121.886 
106.892 136.684 85.1644 193.817 -185.407 147.877 182.607 -51.7369 160.661 39.0776 -169.798 -160.227 -128.837 191.712 -83.8043 
2.83198 45.9462 -57.5426 83.83 156.932 83.9109 37.3428 87.3514 -173.483 -142.026 -154.081 68.9454 149.863 -54.9865 -172.861 
170.197 1.7134 130.963 199.238 147.998 173.266 -72.2617 127.816 90.491 -142.232 33.4217 -40.259 73.9454 -8.88398 75.2233 
-74.7067 94.8906 -95.5228 -151.198 -79.7015 -29.3439 146.14 57.2176 -150.08 76.4235 80.1046 98.7266 114.016 -70.2109 44.4007 
-103.968 119.622 -8.53261 45.6767 -87.5316 108.1 -5.73695 29.624 98.9903 10.133 59.847 -83.0875 -148.2 -172.59 122.837 
175.772 12.1661 87.9587 -33.3762 -189.258 -104.333 52.5691 75.4878 4.9333 -12.0668 -53.0949 158.488 148.34 56.1613 -149.475 
-186.355 98.4774 81.7976 48.386 23.333 91.4309 150.857 40.4434 -107.92 195.326 -144.973 61.5191 -24.2968 -154.114 -65.7198 
33.8597 11.0768 -28.7864 164.658 138.687 120.199 108.723 -157.433 -123.087 184.303 -4.58561 93.2395 -182.786 -72.9554 168.324 
47.8379 -182.746 106.788 -31.5484 20.6766 -66.6789 -118.134 -139.788 -18.2893 71.8467 -61.1605 -44.813 63.4465 -178.549 36.0787 
-197.381 -113.223 -15.2953 -12.3551 150.355 113.961 -130.164 103.188 145.352 -48.0594 -57.8336 108.354 119.669 -22.4567 -71.4409 
66.6221 160.959 -51.6499 -86.1447 163.787 -23.6568 17.1577 -55.3003 -49.7765 -150.581 -186.406 39.6944 106.36 -183.449 -192.021 
-70.6462 150.105 7.2968 55.8819 60.6257 -82.3261 -197.072 -146.344 -189.355 -129.666 77.4678 134.8 73.6453 -178.969 60.8192 
-187.522 101.669 -39.0356 -158.798 93.3354 1.84651 -33.0851 177.069 37.345 124.422 -19.1533 174.301 183.901 1.29006 69.9407 
-95.6653 -101.105 111.793 158.475 112.891 -44.9697 176.937 65.5994 -74.2896 173.18 -68.7485 127.733 -104.948 -192.809 52.2011 
21.9442 163.132 134.151 173.738 179.428 118.272 74.6441 -199.225 -110.024 10.0645 -157.758 190.229 -132.3 -109.199 -171.503 
142.762 80.8383 191.264 79.0139 -48.544 67.5355 196.302 197.492 12.9579 122.895 -15.2056 199.613 3.62955 31.8158 -5.17548 
-86.2015 50.0458 -36.0869 -197.485 -92.0038 -116.277 13.3439 -31.4919 171.996 104.881 -187.534 -61.2631 -11.5132 -110.292 114.715 
-59.3202 9.13151 -24.38 -95.8537 -37.7078 -22.483 135.814 -143.034 176.949 -68.7901 -69.3766 5.87713 24.2026 61.1912 14.7382 
-38.7729 -64.3736 9.49153 -34.5018 71.0212 42.6962 67.0914 -33.548 -143.774 -91.6368 -125.731 -38.4991 65.2539 -2.36207 -129.723 
59.2305 -17.2547 -32.5894 -159.229 166.947 39.9655 80.4759 199.986 -26.6824 145.41 46.6558 57.7111 11.6461 -60.1683 -103.87 
-122.021 -77.6854 -88.2919 168.001 2.07461 60.6599 -59.4419 186.451 129.318 98.8112 -40.8607 -41.1365 -124.923 48.5418 161.474 
155.845 197.741 49.3568 -41.6122 -171.911 -12.0977 168.584 -126.44 -97.9705 142.294 91.8484 100.63 -141.476 -19.4603 118.175 
77.1115 -170.706 133.697 -183.825 -181.393 175.942 -112.572 -84.148 -80.9048 -178.319 -133.519 169.462 -177.563 -13.5543 -35.9018 
138.088 -106.738 158.909 -3.29684 134.08 76.2273 93.3118 -146.971 -62.781 44.651 20.5445 95.4276 -4.19954 129.532 -4.23863 
50.8675 191.951 157.266 -125.745 -168.555 64.0148 92.1411 35.6181 179.166 139.715 174.426 -176.063 142.638 64.007 -65.5451 
147.685 152.26 -66.9962 -10.314 192.263 68.3818 83.8738 -1.33113 75.2847 -150.312 189.473 -189.708 78.6318 -199.201 136.025 
122.891 135.328 76.2246 -194.816 34.9447 -162.252 186.065 -191.613 -128.343 163.181 -199.056 -77.9814 144.913 1.06421 -56.3956 
-37.4151 -63.4689 -195.47 59.9537 195.003 -155.253 -152.289 -102.732 -65.5164 144.463 -43.685 34.5168 -62.314 189.525 -178.168 
-162.417 -61.4479 -81.6882 -89.6909 -38.8447 -99.1756 -152.714 18.2728 184.996 179.166 -194.044 159.901 -197.585 -53.645 174.665 
33.034 -75.4386 2.52093 62.4193 144.53 -134.814 107.45 -59.5839 0.16203 -81.1521 -3.75983 2.39112 -118.271 -181.904 -149.133 
0.185565 77.0189 -41.3272 -9.7761 20.8825 -127.011 -185.941 -35.9451 105.431 173.937 168.8 -140.567 68.3938 -40.3308 -183.679 
-3.75542 -149.057 -187.148 57.501 -193.451 98.7736 -181.985 183.425 168.559 126.931 -39.0337 99.8015 -70.8271 4.41675 93.5069 
-122.709 -171.661 -191.905 -141.412 41.6904 177.657 115.756 90.7185 109.299 -65.9686 -98.4461 -99.8412 -194.07 -41.2127 -58.7232 
-163.321 147.499 58.6778 -62.1361 161.445 150.215 125.733 172.946 -106.488 -143.516 -102.54 -125.823 32.4102 77.8474 199.537 
66.4644 76.4334 142.824 79.5578 -37.1621 197.828 -175.825 -150.993 -168.037 154.904 63.7231 -71.8704 -198.14 161.429 -44.8719 
174.436 -44.1722 -70.2994 32.3105 120.939 -144.701 20.2702 43.9122 -86.9522 -119.486 -172.39 106.073 101.448 194.805 146.187 
193.23 14.0162 -28.2208 -62.5222 -68.2982 193.747 115.71 64.0564 166.178 -103.556 -197.785 -193.966 172.61 -64.4738 117.042 
-189.076 -154.217 7.40651 -146.321 152.241 35.135 133.544 142.303 185.059 108.428 102.26 -169.825 192.022 -40.2176 55.3545 
-126.702 -137.74 197.679 -162.566 159.333 160.87 80.8929 176.678 189.605 134.07 -54.6464 -99.142 -76.1547 -27.5658 115.813 
86.6312 152.877 89.9222 -145.956 10.2341 145.525 134.211 -164.152 -71.6435 98.609 104.754 -30.6197 48.8084 -177.787 -111.945 
93.3626 65.2367 -79.5324 -51.9967 -32.9335 -25.3152 -93.5756 79.6165 62.1728 104.653 170.865 -179.559 -79.6759 -199.415 -137.385 
94.0817 162.818 39.3647 55.2805 171.844 -98.8833 136.744 -14.8446 -143.151 -160.949 85.8033 -95.4522 -169.492 -149.371 151.846 
-12.9047 -145.79 145.939 -124.74 120.012 -81.7934 104.512 106.018 -35.4066 -162.423 124.164 8.53311 -21.5107 -91.5852 196.801 
124.854 -17.882 -137.799 27.5618 -71.7586 -195.822 -55.5324 -76.8722 165.389 197.307 89.9641 24.5647 -109.461 -194.431 -1.29362 
141.963 35.6347 88.453 -132.05 107.652 -172.088 133.277 -166.273 52.5939 -89.9342 -154.216 161.378 98.9326 -133.174 170.043 
66.8844 12.8671 117.077 166.399 -157.846 -23.0359 65.6353 124.575 196.014 -4.64118 193.598 -80.0842 -81.1019 -110.771 -164.457 
-29.9957 11.4519 -39.4485 -194.198 -151.475 183.521 -177.707 -150.687 -151.036 69.5806 5.93265 -24.8273 -100.341 -12.1235 -108.88 
173.773 -101.104 62.5354 28.2846 102.105 -100.169 -157.265 -138.816 73.2369 63.8128 93.9967 -159.415 -44.584 -34.1283 -47.9107 
145.129 124.883 179.199 29.7134 -82.6916 1.22291 121.032 -50.3477 -176.849 191.201 -80.8564 -121.053 -141.216 -74.2884 184.452 
172.128 198.638 66.8635 -129.477 -66.1306 -113.158 154.399 162.987 -18.7521 68.894 -149.587 -113.15 -29.143 -187.392 -79.9737 
-85.5362 -127.719 -143.11 -107.573 -162.253 168.218 20.678 44.5814 -101.242 122.714 36.7455 -96.4627 -64.2004 31.2557 -183.116 
29.2047 -167.549 19.3832 -38.8522 -71.4058 -55.4694 40.0264 98.9962 -41.3761 -186.501 41.2946 -94.5731 178.511 137.894 72.2112 
-88.9451 -170.713 107.261 173.683 -100.652 -42.0373 105.773 -180.305 15.312 14.1332 -94.8335 196.058 -22.662 -28.9328 64.2959 
116.834 68.3544 -118.412 -108.183 -159.165 83.2952 -4.41851 52.9019 20.2071 183.259 84.5026 -149.726 131.055 -63.8423 191.674 
97.6456 -108.747 -159.486 91.3778 155.595 -67.4319 -38.5012 -120.328 -12.6774 73.1128 -6.69769 -171.867 -196.657 -181.623 -151.001 
-79.2875 -167.475 -136.367 3.35746 33.7516 41.5404 -58.5101 -190.307 -97.8773 -149.779 88.384 22.9039 157.903 -128.232 1.11955 
76.2955 187.878 -135.077 83.8523 -9.36466 -187.904 176.302 1.58447 -117.698 54.545 44.5756 179.099 160.874 108.392 58.2602 
34.2338 153.477 173.056 -38.3666 -30.3547 119.009 -25.0908 82.7288 183.976 -164.028 117.155 145.947 116.162 166.222 -86.7186 
-150.098 -66.2531 138.184 -131.57 157.217 -71.5608 -5.86486 -43.491 108.98 40.0693 -150.442 9.28091 104.9 -146.408 -10.5287 
-9.08338 -3.46925 169.022 -10.6948 -30.645 136.527 -32.8283 -189.282 -110.884 14.8036 -184.116 177.136 40.6606 80.9478 -3.96185 
-58.8598 19.2354 -129.953 105.053 134.243 142.965 -141.933 122.431 -62.5985 -9.03867 130.609 79.4022 68.0491 -48.6098 -151.286 
-149.873 -30.5454 85.7885 20.836 -124.542 -53.6855 -97.6504 -77.8561 -3.79998 -110.446 -55.5634 102.548 119.747 165.399 -186.848 
136.452 9.71988 -184.793 48.2029 -176.858 180.462 2.02328 -81.3397 -52.157 16.1176 60.1483 -139.793 84.1991 65.8241 45.6676 
23.6591 165.455 64.9652 65.894 35.9372 -197.602 -165.824 120.973 126.107 -36.2158 -100.044 88.1959 198.707 125.36 -146.748 
-138.414 180.744 -132.445 115.76 147.751 -56.8545 102.134 -189.995 128.387 -151.785 -124.068 3.07545 -101.504 -170.892 158.36 
105.491 -37.5977 -142.645 145.92 106.206 -8.94737 167.422 -116.687 -8.99016 174.737 -1.3738 17.6456 133.154 -182.453 108.829 
-76.2551 -159.434 114.117 118.406 18.559 -99.7052 157.523 -142.543 -110.298 -93.5605 30.7647 -195.225 93.3064 -163.245 -51.9924 
13.3438 -167.904 -92.1688 122.756 -21.2552 124.082 23.4236 -80.7846 64.4974 163.257 28.5504 122.741 -87.8913 -77.4231 -13.8895 
125.795 11.2462 105.072 168.449 -120.554 124.864 136.24 -145.977 84.796 -31.2023 -114.794 40.0915 162.631 -102.285 -17.9279 
55.1032 189.704 81.8436 16.5035 -27.774 -43.2439 -98.4336 -181.443 184.629 -183.921 80.0169 153.868 -28.3254 100.56 143.779 
118.441 197.856 -114.805 62.1587 79.012 -176.829 -73.4666 41.0118 34.5507 -158.303 -123.188 91.9317 -29.1178 34.6596 110.743 
158.949 122.635 -158.912 -131.716 21.3053 80.1801 -197.239 199.728 -187.357 68.4734 -15.0916 -10.6614 159.77 -192.461 83.2507 
-60.6869 9.59521 175.988 -152.041 -143.016 139.306 121.715 -103.844 -98.2919 -92.8935 -111.117 198.556 187.969 -114.638 12.7307 
-54.9125 -50.6985 2.34896 -189.747 -105.767 17.002 124.298 -58.812 196.81 99.04 54.0686 -10.2893 88.887 -22.5013 -23.2337 
-29.4447 -51.8375 59.7496 -0.911614 -19.7823 111.021 -163.454 -99.5191 -176.579 6.92824 101.607 188.486 154.18 -122.837 -8.36183 
-153.181 28.4295 -142.648 -23.9676 190.822 130.122 91.2586 -109.835 -84.578 -64.1539 -73.3708 127.471 -41.7965 25.0296 -162.899 
-41.6677 -129.58 -153.097 -10.1262 -37.2158 -4.24083 -175.529 34.3152 80.7834 14.2833 26.2372 -145.098 -69.3617 -146.735 -99.4843 
138.358 175.251 149.277 67.7815 133.086 -126.514 31.6562 60.028 -74.8276 163.422 -24.7062 -7.92298 -134.008 -28.9418 84.1881 
-127.077 -12.3832 -25.2461 3.60476 54.1166 24.6056 68.9474 -149.896 -187.054 102.582 143.945 -13.3945 112.098 -160.737 57.3265 
-46.8206 -10.3263 117.744 -167.03 -83.7535 -85.0411 -112.525 68.8906 143.237 78.5501 -132.303 146.441 -127.112 66.8374 -183.553 
-83.1555 76.706 91.1215 133.868 -5.43286 111.123 -56.8335 182.245 -161.735 -192.528 -164.306 112.227 -22.2112 -108.396 -199.204 
-179.098 150.356 31.8866 -62.2974 133.849 42.0343 39.3573 -128.815 -180.789 -8.41964 -98.3368 110.312 -35.2263 16.4468 -53.3691 
-189.509 141.588 -181.246 79.1967 -167.426 131.675 -33.5328 -91.4387 -8.27012 142.92 -87.5104 34.9854 149.343 190.196 -139.28 
180.478 159.569 -1.62066 -198.963 -182.637 -11.1979 139.178 -7.49019 146.829 -178.201 122.043 113.622 -106.927 32.1021 -130.468 
-42.3145 160.163 -29.1125 135.034 -94.2418 127.352 -190.725 -183.567 -102.688 -86.3849 89.3441 36.8632 53.7059 -180.895 63.3079 
-40.5576 -131.563 162.268 -10.7662 121.482 -24.4137 199.832 16.3299 162.18 91.9167 -72.6721 -78.7807 -30.7843 185.03 -110.877 
46.1201 -109.694 -59.5105 112.27 52.0978 69.3802 -111.723 -77.117 -47.1696 1.67467 -166.61 -174.809 82.0575 -122.524 -111.15 
-126.066 -190.078 194.987 3.17392 146.038 170.84 -194.308 176.079 -171.975 150.14 54.2579 -189.722 -47.9948 126.142 -181.513 
-118.998 134.549 -186.552 -24.8917 -8.4795 -176.278 -143.801 -160.638 -52.6844 155.071 94.1939 131.181 -175.303 76.0226 85.7841 
-167.905 166.417 -24.4315 14.4972 -81.1205 164.936 -26.1388 -11.7328 -113.398 -99.5462 -14.7345 -59.3588 160.811 -11.7297 -176.564 
79.8072 -72.6617 -124.976 -26.5253 7.35444 77.3643 -149.812 161.507 106.455 134.38 -81.1409 -27.6801 87.4821 -72.1934 -36.0143 
15.007 74.0754 12.9913 172.742 -111.71 44.5433 44.3604 -106.17 -173.714 164.864 144.864 147.158 -52.028 -168.143 -23.2467 
57.4691 -158.188 -126.193 75.8691 -140.688 101.021 -70.0943 66.1473 45.9241 -109.869 16.899 -149.694 58.2593 -95.088 -28.4351 
174.129 180.586 151.495 -123.307 -124.025 111.109 25.7683 -115.73 44.1097 -37.4018 -77.7774 171.624 60.9621 177.635 -121.814 
-47.6853 -168.756 170.71 -90.8288 149.947 -90.7708 165.552 68.5829 11.5485 -186.243 -125.774 93.3476 88.1811 158.614 150.923 
75.2593 -113.123 -95.8689 -134.31 -44.9456 88.182 -161.524 -191.603 -82.971 170.757 94.4625 -52.9061 -109.546 -88.4685 80.2244 
-8.942 46.2709 -170.673 2.51372 180.834 -155.021 -93.6196 94.7456 178.05 130.755 132.285 -32.0948 58.8766 -126.096 -154.162 
-40.2444 154.239 70.1424 34.5602 -141.492 132.35 -116.019 21.4735 -13.1536 177.088 5.96238 19.378 183.722 51.8478 -187.271 
-85.7126 196.855 65.1224 -48.341 183.713 -130.426 27.3912 -136.632 124.791 -35.4399 -69.661 89.5793 184.227 -155.105 -197.468 
186.069 -58.1119 -63.2459 -55.0465 -124.804 -12.7828 36.3755 -190.275 -36.2851 -148.987 -154.521 60.3985 100.409 -189.191 11.2455 
103.833 -126.425 -199.306 -94.9201 111.835 -136.984 -185.223 -4.14528 -101.818 -20.1181 168.111 -110.818 -1.46488 168.842 62.2413 
199.302 28.9188 159.939 86.0077 -193.418 -163.798 -151.343 -59.7813 -182.507 -178.535 32.3608 -35.8656 -91.8815 -48.2848 160.397 
-150.477 51.1517 -57.2691 51.5613 51.6595 165.88 -197.932 -196.294 50.4623 -101.702 -116.928 -157.535 106.375 -115.725 188.547 
-170.243 -29.4302 159.272 -45.8558 30.8857 -126.005 112.866 -105.632 165.302 23.0933 -122.648 -59.243 114.475 153.162 -138.845 
26.4644 -170.716 -101.495 29.4026 114.883 104.678 -114.941 -113.944 74.9046 13.8419 149.248 -39.356 -23.1714 111.201 55.9178 
84.3583 28.5807 8.70508 -110.437 181.831 2.52528 90.7615 80.0614 33.1418 -0.471001 45.6202 -180.092 188.315 7.32435 162.553 
154.985 44.3795 -109.722 -181.864 149.522 188.335 -157.801 147.574 159.031 22.2736 -151.622 -119.468 -0.836658 -146.841 -106.338 
-37.0057 -60.9374 119.302 -193.534 70.6157 148.914 98.8022 -24.8286 -18.8566 13.4947 -196.448 -165.173 155.549 23.771 -142.698 
-154.157 143.576 -55.1628 24.2209 -53.3122 -80.2236 115.489 184.89 -122.033 133.391 -118.43 -15.8606 7.66538 -16.5957 159.414 
-68.1795 -120.26 -23.5447 83.6808 -58.1373 -6.23772 -13.7997 81.9687 -158.349 51.1637 75.2403 20.8165 -34.878 42.7815 167.174 
-119.287 40.608 -30.3974 122.812 -85.37 127.007 -159.76 79.1984 -166.066 -170.183 -179.33 37.0795 112.041 187.042 72.3981 
-86.3917 -81.1341 71.1124 -143.501 -190.176 60.582 173.817 -35.8741 1.43367 50.7681 -56.8211 15.0569 137.112 -155.826 -106.299 
-47.8695 -37.9175 136.797 44.8864 96.3447 144.414 -52.0583 177.752 63.2894 146.223 -138.642 106.976 -183.444 -86.1514 185.436 
-36.9834 -53.2287 -84.0316 80.2434 98.5047 -182.647 149.932 -61.0058 91.7555 123.151 43.4043 -4.49392 -47.3959 -111.376 22.042 
-171.677 -139.854 -131.145 -135.931 129.561 -134.827 -100.005 -101.152 -121.089 -124.063 -24.3381 148.058 -87.7806 125.972 -127.042 
-140.587 113.174 76.484 -130.586 1.72338 186.799 -84.338 -163 21.1463 -176.875 165.376 -65.2239 -147.164 195.389 -76.7483 
61.3603 5.60951 -81.621 144.406 81.0503 -182.466 66.8325 179.136 -153.097 -15.098 184.653 198.846 -91.0256 130.133 -172.951 
54.5835 120.197 -65.3145 89.4051 31.9557 74.3057 95.2378 -35.0328 23.0671 133.515 -21.3336 -199.078 141.68 -149.192 184.646 
68.1177 199.087 64.761 26.167 -116.231 192 78.7512 -146.846 -23.1688 81.4263 186.93 172.169 -74.1757 -31.0936 178.469 
-12.043 -55.9577 99.2757 132.256 72.2876 -89.0603 -69.2275 -73.0877 -135.367 -97.0332 -43.9997 -65.6067 -77.4295 -47.6036 62.4179 
-25.6874 12.3941 8.4355 -62.1841 35.6553 12.2746 -139.338 -179.434 -118.075 36.3729 -191.121 24.9535 -37.0733 -12.9257 24.953 
21.2287 30.8873 124.033 46.8599 -111.785 -98.1058 184.494 -112.783 7.51427 192.506 77.2732 -123.35 77.13 -50.1661 197.232 
58.6251 -137.505 175.402 -132.39 38.0559 -158.922 99.996 -94.7247 87.6566 -94.0348 -27.9445 59.8195 -10.5652 10.8014 138.481 
134.77 -130.753 9.23749 80.6081 155.347 145.759 104.491 113.403 -11.2356 52.9223 16.0488 -126.29 186.001 -15.3787 -135.185 
93.4714 -96.7635 9.47763 -89.9062 141.017 -158.453 -2.09348 -58.0475 -162.421 -86.8859 43.9994 27.3348 -141.157 64.0961 16.2164 
126.402 117.691 -26.2937 103.719 59.4316 -71.4297 -161.95 53.2997 151.652 47.5669 -95.8413 -185.632 -74.4401 80.0884 170.28 
-124.314 137.23 -153.182 13.8832 169.274 2.98086 56.9856 -176.151 -80.3797 -93.1342 -124.99 -145.634 12.8226 138.925 112.883 
20.0242 -48.9322 -173.812 188.489 -47.7802 -123.931 100.763 -142.421 -194.621 -125.054 163.266 -41.986 -155.877 98.2977 -83.3524 
-101.716 22.3933 -108.698 -92.8817 -51.5661 80.3356 119.647 180.505 -72.2757 157.374 198.493 -147.947 -131.982 -175.138 -145.881 
-25.5223 -149.586 147.244 -174.162 -110.696 -57.6573 -122.532 194.48 38.6473 122.389 -22.9479 -146.884 -0.0565917 76.8024 -65.8059 
-27.7064 -13.3961 -53.2696 24.9025 15.7708 112.207 50.8999 -70.8188 137.944 -164.598 -22.662 93.7048 -8.58025 43.1999 -185.27 
165.999 -151.128 -86.2211 195.693 196.376 -124.678 -101.384 33.4529 88.3269 -52.631 127.234 33.3683 169.866 20.4469 192.296 
41.6188 -54.6505 140.893 -98.7114 81.5505 160.739 61.0319 -66.3379 -7.38102 85.316 46.1499 11.8107 160.99 36.3129 -113.253 
-99.1402 161.749 -155.712 -3.36944 121 129.826 -147.125 -69.9323 -195.129 -27.1457 147.669 -24.2976 155.844 33.0527 -185.937 
-191.802 2.08084 11.0035 -136.594 -131.609 -2.62231 -140.194 -158.003 61.6383 34.06 -143.209 51.773 199.867 139.521 -73.4238 
-164.369 154.65 -86.2678 -175.517 105.388 -142.83 136.533 193.977 -135.723 62.3191 150.471 141.729 -133.157 -79.7651 71.4071 
-140.977 -26.5472 93.4371 -72.2004 61.6752 -31.1174 -123.643 104.907 -127.056 73.9973 -18.3834 -194.065 -121.351 154.766 -179.367 
-172.461 114.647 -36.5426 -45.3619 173.949 -17.2736 105.514 113.733 -182.821 36.224 27.4407 59.3206 -20.5716 119.755 -169.19 
-34.1547 -55.9957 158.807 -39.2451 78.3787 116.815 -27.7654 -46.2651 87.1486 72.112 -180.856 117.785 45.3254 -44.9041 45.4329 
174.102 33.1681 102.97 -66.4438 -194.065 60.9701 -21.6622 -153.837 59.7086 -195.149 171.357 -46.2191 -3.21613 -185.214 -173.227 
159.704 55.5162 56.2838 16.5422 -116.667 -24.2588 -46.3546 -159.513 5.82023 36.4181 18.7472 149.719 -128.932 -172.469 -37.4364 
184.109 -41.5702 -24.564 -20.5789 -57.7718 -124.043 -116.595 -77.4696 -36.1595 -137.693 -24.5182 108.273 -69.4139 -145.277 111.411 
-154.803 153.134 -114.831 127.679 -163.16 166.14 -169.358 -92.1086 -71.6177 -34.7673 -61.6457 -46.1457 93.042 -38.9772 -53.1796 
-51.9542 -132.523 -91.2461 -10.4945 -87.6044 -124.867 -69.5209 14.2793 -191.549 -154.172 112.255 79.1399 32.7186 58.4519 -145.708 
-20.594 16.3494 -153.425 -178.352 -52.7217 -101.84 159.486 -20.5161 100.973 -132.459 128.091 13.526 -39.7713 177.315 -80.1431 
-61.771 43.3604 -125.072 -190.629 99.3219 -144.588 -192.437 -183.856 -150.409 110.316 -164.078 -174.704 -166.699 -18.1873 -12.4441 
-10.2154 75.7578 43.1779 -182.769 82.2747 -147.425 87.948 -166.255 -130.61 -1.34042 -68.312 -122.871 -31.6081 -61.5316 -72.7669 
-101.097 31.3739 -168.437 -143.991 170.179 130.843 -3.97333 -65.7224 -186.069 -160.035 -33.7363 189.528 158.068 -140.206 49.0875 
-56.5543 -107.458 -61.2455 -182.056 178.488 100.912 -10.836 -143.592 35.9848 187.869 -125.791 -86.4804 76.6487 -130.326 -83.8783 
33.3972 -134.516 -42.6928 -53.6695 -69.9111 -108.327 83.5218 92.8308 -181.029 11.8125 -12.8986 -121.672 45.264 129.515 -72.5304 
-45.6051 -86.2223 -0.74333 -8.09756 143.134 -125.75 10.629 15.5438 166.953 148.748 113.156 -103.635 133.784 -16.3781 101.882 
157.95 8.6127 107.532 -165.356 138.108 -101.9 -162.286 -2.01202 102.588 -15.9777 1.62965 180.902 -131.737 57.6829 -102.699 
105.185 132.988 -1.4605 -185.414 -186.613 -130.802 193.127 119.73 -194.404 -160.779 -75.4083 173.598 3.86546 111.928 108.513 
-101.642 -2.44409 143.419 -14.8504 176.616 11.8343 -140.469 -162.928 -146.295 -54.2948 -197.136 -157.413 -101.987 41.0794 142.218 
31.0042 -3.11484 11.7412 -52.3109 -38.7873 -135.06 161.913 92.5407 51.8861 -188.24 -129.141 141.528 -128.111 23.1764 -176.667 
70.0257 44.4097 182.297 49.9004 -62.52 -115.276 185.111 -127.574 20.5703 -181.607 -191.608 165.496 -123.376 -9.79706 -148.375 
-192.517 149.752 176.158 -131.216 -156.808 81.6171 21.7538 44.8681 -10.2118 -62.5221 158.496 -49.9356 -2.02255 38.3504 -127.692 
-51.6476 -164.621 -159.17 -1.49476 74.0211 -5.43899 -19.8906 186.632 84.0896 -86.0135 -80.8607 69.1791 124.578 -27.3343 137.95 
-107.3 -138.092 72.2707 -183.769 -161.563 33.9174 -32.4719 138.035 -27.4752 21.0503 15.6637 -21.8793 -68.4902 44.6904 -57.9162 
70.3819 73.7522 182.791 157.488 -138.402 68.8701 134.434 -20.7455 -17.2245 -41.6677 -49.8166 189.333 -171.243 102.653 38.6919 
119.941 63.539 -50.881 21.4223 69.8375 -74.4711 -34.0409 111.247 -62.2941 -77.915 -34.9722 77.8962 -41.6506 -49.9401 -84.3707 
195.834 107.712 -139.205 74.961 152.277 108.607 4.3281 -38.6817 153.89 160.886 -77.3632 158.332 -137.98 -61.487 -116.498 
-173.103 -180.345 84.1935 -182.975 -82.9324 -110.098 104.577 -133.626 -28.8451 109.993 84.2449 193.245 -32.7056 -18.5684 -86.5183 
-176.359 -56.5382 -109.784 105.14 -181.761 -82.8852 65.9267 -33.6017 133.838 52.1063 -114.145 107.63 -40.6628 -42.9998 -121.646 
-171.829 24.8969 197.194 -152.081 -109.64 121.212 -17.6383 -47.7095 165.667 -155.393 170.635 197.282 -42.2225 106.735 -72.9706 
-6.88756 119.945 -194.126 -155.43 -147.004 150.823 66.1161 87.3 -93.6006 114.002 103.947 25.4418 133.039 -108.966 0.071562 
-18.2496 0.886767 194.377 -38.4504 -32.5828 -150.956 -43.603 -57.7276 176.398 -177.117 -180.13 112.804 -167.18 177.852 -180.315 
-41.8511 -140.393 85.877 62.8019 -195.265 195.257 129.139 178.88 -63.2256 -113.492 -54.0668 -123.718 -177.093 -65.6233 -51.7347 
-58.4833 -142.357 82.2479 45.68 -100.238 92.2582 59.2062 -32.3515 -140.279 62.5018 -11.0402 119.385 89.6489 119.894 168.681 
106.717 -199.149 -198.223 87.0713 60.5367 127.643 173.89 -90.3773 196.894 -11.353 -71.4766 105.585 -122.135 -87.4021 23.089 
18.6109 37.0588 157.127 -51.4675 37.2486 26.0435 -194.854 111.369 -40.0275 113.438 -8.02592 -27.2032 -72.1049 -165.712 -41.394 
-20.8235 30.61 102.658 -110.953 117.058 116.26 155.12 136.023 125.93 1.16826 32.3701 -72.3521 -75.1299 -183.189 -128.852 
-77.8735 115.891 140.649 48.9546 -100.87 180.397 19.8126 24.0092 -72.2125 -81.7218 40.3541 -173.259 -197.197 -92.6728 77.66 
193.465 72.2154 17.5129 21.7222 -111.855 -0.959363 140.968 23.0221 -56.8856 -1.3898 -91.4245 -21.089 8.92738 46.8831 -94.8698 
-147.998 -91.4977 -57.0526 -110.672 -132.102 -40.2284 -134.608 -75.4896 83.9975 27.256 -58.3746 135.263 85.3177 -72.2226 45.0032 
-158.673 28.3694 38.1631 108.227 -42.826 -6.3162 -172.758 -57.3217 -166.689 -151.004 168.234 -184.841 -127.859 -140.926 -92.8654 
60.9333 155.035 -89.2803 57.5038 38.5732 -75.5368 28.2543 42.7718 27.8242 -83.7672 99.3766 -4.71762 173.144 89.3047 -75.3646 
-24.4448 185.738 -30.7419 -155.288 -99.5667 -127.742 -5.24718 -68.5648 92.2041 148.191 -173.679 -176.818 -31.2324 81.6755 179.574 
85.0259 -96.9872 114.053 -129.993 5.02689 112.613 -70.7342 -24.3413 17.8946 -151.404 130.91 109.36 -183.243 173.952 28.3004 
43.2913 112.518 95.5014 -68.7421 196.926 -37.8661 -160.623 51.9215 -118.155 182.39 117.736 -31.5171 -26.824 143.583 156.579 
110.492 -127.029 2.91058 101.395 -160.4 -174.329 119.42 -21.8244 -86.77 106.915 -13.1061 -106.741 -16.4732 163.358 -77.2794 
-21.5335 85.3055 -24.8108 -24.9641 110.257 -8.26296 186.279 112.101 -44.9153 188.574 -177.083 35.9051 66.8772 142.98 -28.8749 
35.6289 -44.6928 30.9194 -57.1851 -3.37414 -141.827 -110.788 -19.1428 -44.1485 -197.844 -44.4417 180.373 -87.7528 194.957 -102.821 
-4.65687 69.2749 5.35552 44.9526 18.6993 -75.8566 168.193 78.0498 3.7214 -1.08999 14.2225 110.039 40.1325 94.7505 130.792 
-9.16306 28.317 183.413 -185.62 140.717 179.7 59.9431 134.675 -140.54 185.436 165.702 -2.97688 168.93 48.9837 -34.762 
162.161 73.2556 136.993 136.542 143.651 107.055 19.5343 178.515 -82.5392 -73.049 173.625 18.3161 26.6589 109.897 48.4327 
-97.58 -172.6 67.5181 -90.1766 26.1817 -195.562 52.6354 -149.577 -187.525 -156.139 -52.0504 -110.697 58.6362 -12.5903 -139.335 
-89.6515 -48.6325 -194.466 -134.938 18.1165 9.27116 -134.302 -3.88228 14.5151 64.4553 -81.2096 -38.592 9.61674 -79.0862 -9.70545 
-139.674 110.493 -134.84 -16.6042 -73.5086 142.667 -103.447 -130.414 -169.236 -194.039 26.083 -176.154 -149.294 -73.0158 158.841 
-62.4272 55.8036 -27.862 -70.3015 91.0317 65.4248 -130.308 45.4812 -100.421 -164.141 -13.746 49.1912 102.644 183.895 162.218 
38.1406 178.257 43.532 61.2121 129.945 160.31 159.889 -156.213 140.396 62.8819 -58.8723 -106.652 22.5306 178.034 -77.4452 
182.858 -111.704 -45.2583 137.712 -123.607 91.8501 -150.528 156.032 -26.5649 -191.669 15.801 88.7936 -63.5562 48.9495 -34.711 
-2.43043 -134.835 -141.572 -174.113 153.06 180.67 42.0322 -97.5859 114.323 25.468 -46.8414 121.276 -96.4297 89.1279 193.437 
-180.984 62.874 -133.275 -65.414 76.0686 -161.642 -91.9242 114.029 -152.675 20.9818 -59.3979 -92.7533 -102.155 -67.9594 -159 
-161.919 10.8535 91.8996 -101.784 -60.513 178.93 22.0132 175.231 88.8175 51.8125 -125.543 -71.2947 196.301 -47.5858 -131.297 
45.5731 140.434 -164.665 170.045 31.808 24.8365 15.0308 -186.185 -23.3838 -19.8662 -197.044 -37.7494 106.622 108.177 -198.164 
-145.544 -19.5915 173.844 48.9257 -82.5578 -176.886 -32.2165 -181.141 -176.699 -42.0183 -95.2609 -68.8345 -58.0233 -51.5725 -62.8997 
89.0501 50.1631 -149.651 51.3835 5.14779 -120.813 148.657 -92.3625 59.5461 -40.1204 -164.456 36.9251 122.825 -184.701 -25.6183 
50.6006 197.724 110.304 181.131 33.8389 -30.3511 -92.7029 10.9091 113.043 50.1171 111.369 84.2463 134.083 -67.7417 -127.699 
-65.0287 60.6421 -19.1077 134.896 136.38 84.4175 -150.428 -166.718 94.8091 -178.997 -17.7855 -155.238 125.167 82.058 -116.93 
-128.429 187.838 -181.522 -50.7279 -159.442 -159.511 113.877 34.7669 -34.6397 -52.8408 174.328 -67.1142 67.2636 -70.028 -25.8523 
-45.2328 -114.827 184.053 194.729 174.298 140.528 -103.276 -17.7585 -177.967 99.0643 55.8971 46.9541 47.7762 76.7304 174.294 
174.712 -188.144 60.9496 -24.536 -117.353 -146.96 -124.973 -104.487 147.621 32.4885 92.703 -15.8111 86.2961 128.503 22.847 
21.51 -96.3495 -137.34 184.545 12.665 160.659 198.485 -65.2817 146.599 -133.212 45.1131 -15.2986 4.08199 -68.832 92.5568 
186.961 185.507 37.2925 155.797 21.1054 -100.958 96.0666 -160.165 42.6945 -108.628 151.135 -42.4302 -27.3289 90.0056 -136.607 
-27.842 -79.2655 11.8424 -65.3305 -178.572 -37.4558 95.3269 195.258 169.592 -160.662 116.041 -46.7958 -90.7992 -43.5886 -46.1356 
-78.2996 58.9025 -186.61 -21.9285 -128.711 -91.339 132.181 138.268 -144.548 79.2604 -24.7266 99.2947 150.833 -124.346 -6.81403 
-178.233 -64.6907 152.917 30.0713 -146.983 -174.14 -167.532 -16.006 -1.23459 172.544 -142.061 -146.587 -31.8091 -117.456 83.5301 
155.981 -40.9225 90.3089 180.539 -79.8961 172.223 188.583 -118.751 -8.76146 -80.9441 135.662 -143.931 -193.366 192.959 -29.6504 
-50.1277 -125.576 188.591 -1.16646 194.392 45.7144 -106.386 -132.143 -183.305 4.14959 112.992 -60.3303 120.401 -140.135 -163.421 
48.7103 -112.82 50.1387 -186.034 -132.971 -195.254 -113.835 -131.597 50.3816 97.4381 3.564 111.113 12.1664 -25.5546 77.5267 
-141.078 -170.623 -190.601 169.474 -121.574 162.811 110.468 19.2629 -197.175 185.005 -158.581 -44.373 169.056 -182.848 145.925 
-145.986 174.93 -126.842 -144.957 -148.489 2.89482 -147.159 -141.114 175.698 -10.4227 96.9365 -21.3168 142.735 -185.722 -104.287 
90.2475 158.766 168.954 -64.6475 -75.6229 -182.687 -159.453 -185.211 -20.3126 176.713 -145.516 120.695 186.213 30.0462 146.615 
142.797 92.6477 51.654 56.6518 -101.544 -141.632 69.5398 -80.2004 194.407 -167.512 54.5994 96.3881 -192.382 3.62409 -199.249 
75.4669 82.8137 -129.711 -115.982 -138.393 171.341 41.6912 188.858 166.028 24.3831 37.773 -128.529 -30.8295 -110.21 175.136 
87.8531 -125.662 6.72177 -46.0688 -6.37509 153.551 93.1436 162.334 -65.5785 -179.094 20.3622 -4.82854 -17.3759 165.417 57.6988 
-33.2911 -53.4469 185.899 -72.6047 -64.6594 -28.336 170.498 54.4989 -143.599 -39.5981 99.1655 157.91 131.181 -9.60879 187.408 
16.5907 95.2941 109.183 -99.2216 66.7 -63.6649 21.4996 -5.75854 17.0612 132.461 -93.8171 146.241 -190.241 -57.962 177.6 
-107.567 151.895 -181.442 -161.455 198.885 -130.787 -72.3074 161.622 89.5986 -176.743 1.78099 47.6884 141.946 98.702 178.244 
167.039 -180.034 106.814 184.428 -176.619 -32.913 122.457 -133.296 25.6944 -199.48 195.365 18.2325 -126.65 156.079 16.4148 
-157.941 -52.6985 157.222 -57.2167 23.2972 193.823 -195.589 72.4707 172.776 60.598 -180.99 92.8688 119.398 -173.342 -168.239 
68.9998 -56.3006 120.156 194.832 122.121 -66.6688 -168.389 148.329 -120.227 -182.784 -146.323 18.856 12.5282 154.818 64.1564 
183.166 50.1804 -69.1289 -112.098 -82.0279 -42.6378 129.948 -51.0309 -177.705 18.4083 71.3963 42.4007 101.69 -4.42739 -182.608 
36.3647 156.971 194.665 112.925 61.1203 -129.963 -196.338 -169.017 -158.34 -193.477 190.922 -182.312 11.5803 -158.769 170.39 
-82.0622 -29.6511 100.423 21.8466 -8.11721 69.4719 144.574 5.22775 -116.667 -145.119 -107.664 -114.772 -142.416 52.2252 132.355 
11.1135 -88.9515 -14.826 -55.3174 159.429 -80.9722 11.4899 114.054 -172.5 130.907 180.246 -170.079 -8.35106 83.1813 93.4036 
13.218 -171.206 -170.541 90.5602 119.079 0.0791404 -158.602 -106.427 -181.552 140.913 141.765 13.6084 133.463 32.5328 -170.641 
123.458 -74.6173 -33.4013 -162.353 142.884 193.961 52.172 -27.2757 -169.748 -130.856 -96.1087 152.911 -111.229 -35.3762 77.8979 
-43.9872 -58.1861 90.6455 184.709 -169.706 91.3895 -101.036 -5.91699 39.9639 -112.613 -187.766 29.6315 -101.566 -11.6418 -187.724 
-87.6944 -14.3546 -42.3878 80.5857 -147.085 40.178 -53.6134 -78.378 -115.23 80.6896 -131.584 89.2465 166.951 197.639 188.719 
-27.7406 84.8019 32.6401 -174.224 105.316 19.7024 74.0962 191.187 112.871 10.0317 185.305 97.1626 145.617 -97.9964 62.8472 
-49.4675 -160.127 -21.1351 -90.8417 47.3641 158.844 -167.943 164.153 182.956 129.808 -124.641 131.816 -180.08 2.46409 -187.161 
-28.2434 73.2092 -21.7591 105.975 -104.324 -6.25741 49.6005 -63.8354 41.8367 -103.139 87.6636 144.032 24.3688 23.024 170.6 
104.776 25.8104 4.62849 -77.2317 1.46837 73.66 -132.823 -129.037 -29.8329 -59.4887 -64.1996 101.496 -49.2655 -2.29707 -150.359 
-26.7178 33.4399 150.027 40.1473 -130.121 -107.769 -141.413 116.404 122.599 -162.745 117.092 -31.286 -7.91628 168.119 -32.5631 
-43.4412 -79.9724 -67.5871 30.0831 -199.98 50.8083 -85.1642 -76.4532 -12.193 -185.993 153.149 65.4804 168.721 -157.472 -21.0253 
31.3981 -85.4959 184.512 -117.279 41.7978 13.5081 160.062 -15.8823 -93.5878 -9.27344 -129.096 -180.88 149.67 154.962 -93.8044 
-163.461 -106.23 58.1631 68.333 -70.6579 85.5055 -183.068 90.7359 -131.061 -56.5082 -133.697 -55.0613 180.651 -141.427 -108.602 
-148.179 -96.5603 -52.3099 70.799 98.4546 155.79 -42.5317 109.735 -168.824 -196.888 61.1753 137.807 57.2698 -8.79881 -197.662 
43.4373 86.7626 60.8407 -169.852 72.1758 118.854 -164.849 20.6482 -180.301 17.5811 163.867 -81.2624 25.5706 186.783 168.231 
-180.973 -27.928 -183.997 4.32592 165.201 99.588 -132.465 -78.4221 -158.571 -79.15 -134.654 -153.419 -25.55 -28.465 -73.0672 
-152.826 -178.298 -66.5475 45.1289 -192.564 62.2334 -65.3461 18.9322 140.205 -10.9426 -134.024 189.395 76.3254 3.75176 -69.5815 
68.0661 -51.6687 -103.984 -117.09 -85.0528 -83.8312 149.577 -152.506 115.592 139.963 29.7728 -111.847 -81.5751 56.6564 -183.491 
53.0341 -97.7054 43.3993 121.111 -41.4006 162.499 133.416 167.571 -38.5123 184.77 -150.687 1.12386 88.7924 -157.048 -110.158 
8.94152 -67.0701 -89.3412 -195.767 -44.6365 -163.691 156.986 -143.85 -101.976 112.755 154.015 -76.3902 170.263 104.388 41.5828 
197.985 -134.732 -109.155 7.95593 -158.482 5.08172 -60.2702 -150.03 93.5419 -68.8104 -172.586 -129.362 -13.2236 -182.685 -178.633 
-170.886 12.7348 131.932 -26.5378 -103.306 173.496 121.384 -112.889 -75.3892 -33.0747 -43.7543 -39.6669 52.9804 67.4226 160.806 
-19.6303 19.36 180.244 28.2133 -21.4786 -51.8393 -159.002 87.1257 164.965 -107.712 83.8718 96.2398 120.12 15.6033 -73.988 
99.2705 -30.9754 116.724 192.84 -20.5824 161.688 -157.146 -109.855 -90.0257 59.2076 -67.7847 -67.413 -135.643 154.443 -11.194 
76.6964 -25.4995 8.42197 98.2219 -44.2646 -44.2373 23.6464 -99.888 6.98492 8.03233 -96.7252 125.361 -158.914 -46.5693 -30.8982 
62.3581 -146.681 -90.9871 84.1007 41.6542 -163.308 -29.1229 -48.5849 -128.361 116.548 -121.505 -21.7965 -4.19577 15.6669 -178.033 
22.2992 -97.7962 -193.428 31.613 181.212 85.7528 192.561 -24.9369 38.0113 -33.7579 -183.424 182.784 -114.439 169.483 169.354 
-17.9704 24.3207 47.2275 173.557 169.304 123.791 128.091 6.99455 185.481 -75.9973 -83.1356 43.4393 26.0342 -141.579 -177.361 
6.94513 153.616 195.307 164.397 -195.182 82.6636 -60.668 -138.046 84.4325 -106.475 

